0	0.000000000000000	0.000000000000000	0.0	0	0.0	0.005	0.0	56
1	0.000000000000000	0.000000000000000	0.0	0	0.0	0.005	0.0	56
2	0.000000000000000	0.000000000000000	0.0	0	0.0	0.005	0.0	56
3	0.000000000000000	0.000000000000000	0.0	0	0.0	0.005	0.0	56
4	0.000000000000000	0.000000000000000	0.0	0	0.0	0.005	0.0	56
5	0.000000000000000	0.000000000000000	0.0	0	0.0	0.005	0.0	56
6	0.000000000000000	0.000000000000000	0.0	0	0.0	0.005	0.0	56
7	0.000000000000000	0.000000000000000	0.0	0	0.0	0.005	0.0	56
8	0.000000000000000	0.000000000000000	0.0	0	0.0	0.005	0.0	56
9	0.000000000000000	0.000000000000000	0.0	0	0.0	0.005	0.0	56
10	0.000000000000000	0.000000000000000	0.0	0	0.0	0.005	0.0	56
11	0.000000000000000	0.000000000000000	0.0	0	0.0	0.005	0.0	56
12	0.000000000000000	0.000000000000000	0.0	0	0.0	0.005	0.0	56
13	0.000000000000000	0.000000000000000	0.0	0	0.0	0.005	0.0	56
14	0.000000000000000	0.000000000000000	0.0	0	0.0	0.005	0.0	56
15	0.000000000000000	0.000000000000000	0.0	0	0.0	0.005	0.0	56
16	0.000000000000000	0.000000000000000	0.0	0	0.0	0.005	0.0	56
17	0.000000000000000	0.000000000000000	0.0	0	0.0	0.005	0.0	56
18	0.000000000000000	0.000000000000000	0.0	0	0.0	0.005	0.0	56
19	0.000000000000000	0.000000000000000	0.0	0	0.0	0.005	0.0	56
20	0.000000000000000	0.000000000000000	0.0	0	0.0	0.005	0.0	56
21	0.000000000000000	0.000000000000000	0.0	0	0.0	0.005	0.0	56
22	0.000000000000000	0.000000000000000	0.0	0	0.0	0.005	0.0	56
23	0.000000000000000	0.000000000000000	0.0	0	0.0	0.005	0.0	56
24	0.000000000000000	0.000000000000000	0.0	0	0.0	0.005	0.0	56
25	0.011337868480726	0.000000000000000	0.9726350126857556	1	0.04	0.005	0.0	56
26	0.022727272727273	0.000000000000000	1.9726350126857555	2	0.07692307692307693	0.005	0.0	56
27	0.022727272727273	0.000000000000000	1.9726350126857555	2	0.07407407407407407	0.005	0.0	56
28	0.022727272727273	0.000000000000000	1.9726350126857555	2	0.07142857142857142	0.005	0.0	56
29	0.022727272727273	0.000000000000000	1.9726350126857555	2	0.06896551724137931	0.005	0.0	56
30	0.022727272727273	0.000000000000000	1.9726350126857555	2	0.06666666666666667	0.005	0.0	56
31	0.022727272727273	0.000000000000000	1.9726350126857555	2	0.06451612903225806	0.005	0.0	56
32	0.024943310657596	0.000000000000000	1.9726350126857555	2	0.09375	0.005	0.0	56
33	0.024943310657596	0.000000000000000	1.9726350126857555	2	0.09090909090909091	0.005	0.0	56
34	0.018181818181818	0.000000000000000	2.941787059469381	3	0.11764705882352941	0.005	0.0	56
35	0.018181818181818	0.000000000000000	2.941787059469381	3	0.11428571428571428	0.005	0.0	56
36	0.018181818181818	0.000000000000000	2.941787059469381	3	0.1111111111111111	0.005	0.0	56
37	0.018181818181818	0.000000000000000	2.941787059469381	3	0.10810810810810811	0.005	0.0	56
38	0.018181818181818	0.000000000000000	2.941787059469381	3	0.10526315789473684	0.005	0.0	56
39	0.018181818181818	0.000000000000000	2.941787059469381	3	0.10256410256410256	0.005	0.0	56
40	0.018181818181818	0.000000000000000	2.941787059469381	3	0.1	0.005	0.0	56
41	0.018181818181818	0.000000000000000	2.941787059469381	3	0.0975609756097561	0.005	0.0	56
42	0.018181818181818	0.000000000000000	2.941787059469381	3	0.09523809523809523	0.005	0.0	56
43	0.018181818181818	0.000000000000000	2.941787059469381	3	0.09302325581395349	0.005	0.0	56
44	0.018181818181818	0.000000000000000	2.941787059469381	3	0.09090909090909091	0.005	0.0	56
45	0.018181818181818	0.000000000000000	2.941787059469381	3	0.08888888888888889	0.005	0.0	56
46	0.018181818181818	0.000000000000000	2.941787059469381	3	0.08695652173913043	0.005	0.0	56
47	0.018181818181818	0.000000000000000	2.941787059469381	3	0.0851063829787234	0.005	0.0	56
48	0.018181818181818	0.000000000000000	2.941787059469381	3	0.08333333333333333	0.005	0.0	56
49	0.018181818181818	0.000000000000000	2.941787059469381	3	0.08163265306122448	0.005	0.0	56
50	0.018181818181818	0.000000000000000	2.941787059469381	3	0.08	0.005	0.0	56
51	0.018181818181818	0.000000000000000	2.941787059469381	3	0.0784313725490196	0.005	0.0	56
52	0.018181818181818	0.000000000000000	2.941787059469381	3	0.07692307692307693	0.005	0.0	56
53	0.018181818181818	0.000000000000000	2.941787059469381	3	0.07547169811320754	0.005	0.0	56
54	0.018181818181818	0.000000000000000	2.941787059469381	3	0.07407407407407407	0.005	0.0	56
55	0.018181818181818	0.000000000000000	2.941787059469381	3	0.07272727272727272	0.005	0.0	56
56	0.018181818181818	0.000000000000000	2.941787059469381	3	0.07142857142857142	0.005	0.0	56
57	0.018181818181818	0.000000000000000	2.941787059469381	3	0.07017543859649122	0.005	0.0	56
58	0.018181818181818	0.000000000000000	2.941787059469381	3	0.06896551724137931	0.005	0.0	56
59	0.018181818181818	0.000000000000000	2.941787059469381	3	0.06779661016949153	0.005	0.0	56
60	0.018181818181818	0.000000000000000	2.941787059469381	3	0.06666666666666667	0.005	0.0	56
61	0.018181818181818	0.000000000000000	2.941787059469381	3	0.06557377049180328	0.005	0.0	56
62	0.018181818181818	0.000000000000000	2.941787059469381	3	0.06451612903225806	0.005	0.0	56
63	0.018181818181818	0.000000000000000	2.941787059469381	3	0.06349206349206349	0.005	0.0	56
64	0.018181818181818	0.000000000000000	2.941787059469381	3	0.0625	0.005	0.0	56
65	0.018181818181818	0.000000000000000	2.941787059469381	3	0.06153846153846154	0.005	0.0	56
66	0.018181818181818	0.000000000000000	2.941787059469381	3	0.06060606060606061	0.005	0.0	56
67	0.018181818181818	0.000000000000000	2.941787059469381	3	0.05970149253731343	0.005	0.0	56
68	0.018181818181818	0.000000000000000	2.941787059469381	3	0.058823529411764705	0.005	0.0	56
69	0.018181818181818	0.000000000000000	3.8824721054175853	4	0.07246376811594203	0.005	0.0	56
70	0.018181818181818	0.000000000000000	3.8824721054175853	4	0.07142857142857142	0.005	0.0	56
71	0.018181818181818	0.000000000000000	3.8824721054175853	4	0.07042253521126761	0.005	0.0	56
72	0.018181818181818	0.000000000000000	3.8824721054175853	4	0.06944444444444445	0.005	0.0	56
73	0.018181818181818	0.000000000000000	3.8824721054175853	4	0.0684931506849315	0.005	0.0	56
74	0.018181818181818	0.000000000000000	3.8824721054175853	4	0.06756756756756757	0.005	0.0	56
75	0.018181818181818	0.000000000000000	3.8824721054175853	4	0.06666666666666667	0.005	0.0	56
76	0.018181818181818	0.000000000000000	3.8824721054175853	4	0.06578947368421052	0.005	0.0	56
77	0.018181818181818	0.000000000000000	3.8824721054175853	4	0.06493506493506493	0.005	0.0	56
78	0.018181818181818	0.000000000000000	3.8824721054175853	4	0.0641025641025641	0.005	0.0	56
79	0.013636363636364	0.000000000000000	4.859880248416593	5	0.0759493670886076	0.005	0.0	56
80	0.013636363636364	0.000000000000000	4.859880248416593	5	0.075	0.005	0.0	56
81	0.013636363636364	0.000000000000000	4.859880248416593	5	0.07407407407407407	0.005	0.0	56
82	0.013636363636364	0.000000000000000	4.859880248416593	5	0.07317073170731707	0.005	0.0	56
83	0.013636363636364	0.000000000000000	4.859880248416593	5	0.07228915662650602	0.005	0.0	56
84	0.013636363636364	0.000000000000000	4.859880248416593	5	0.07142857142857142	0.005	0.0	56
85	0.013636363636364	0.000000000000000	4.859880248416593	5	0.07058823529411765	0.005	0.0	56
86	0.013636363636364	0.000000000000000	4.859880248416593	5	0.06976744186046512	0.005	0.0	56
87	0.013636363636364	0.000000000000000	4.859880248416593	5	0.06896551724137931	0.005	0.0	56
88	0.013636363636364	0.000000000000000	4.859880248416593	5	0.06818181818181818	0.005	0.0	56
89	0.013636363636364	0.000000000000000	4.859880248416593	5	0.06741573033707865	0.005	0.0	56
90	0.013636363636364	0.000000000000000	4.859880248416593	5	0.06666666666666667	0.005	0.0	56
91	0.013636363636364	0.000000000000000	4.859880248416593	5	0.06593406593406594	0.005	0.0	56
92	0.013636363636364	0.000000000000000	4.859880248416593	5	0.06521739130434782	0.005	0.0	56
93	0.013636363636364	0.000000000000000	4.859880248416593	5	0.06451612903225806	0.005	0.0	56
94	0.013636363636364	0.000000000000000	4.859880248416593	5	0.06382978723404255	0.005	0.0	56
95	0.018264840182648	0.000000000000000	5.847134883094891	6	0.07368421052631578	0.005	0.0	56
96	0.018264840182648	0.000000000000000	5.847134883094891	6	0.07291666666666667	0.005	0.0	56
97	0.018264840182648	0.000000000000000	5.857435792601361	6	0.08247422680412371	0.005	0.0	56
98	0.018264840182648	0.000000000000000	5.857435792601361	6	0.08163265306122448	0.005	0.0	56
99	0.018264840182648	0.000000000000000	5.857435792601361	6	0.08080808080808081	0.005	0.0	56
100	0.018264840182648	0.000000000000000	5.857435792601361	6	0.08	0.005	0.0	56
101	0.018264840182648	0.000000000000000	5.857435792601361	6	0.07920792079207921	0.005	0.0	56
102	0.020501138952164	0.000000000000000	6.612397624662431	7	0.08823529411764706	0.005	0.0	56
103	0.029213483146067	0.000000000000000	7.3673594567234995	8	0.0970873786407767	0.005	0.0	56
104	0.031674208144796	0.000000000000000	8.227578185363281	9	0.10576923076923077	0.005	0.0	56
105	0.034013605442177	0.000000000000000	9.227578185363281	10	0.11428571428571428	0.005	0.0	56
106	0.034013605442177	0.000000000000000	9.227578185363281	10	0.11320754716981132	0.005	0.0	56
107	0.041095890410959	0.000000000000000	9.217988238273332	10	0.12149532710280374	0.005	0.0	56
108	0.034168564920273	0.000000000000000	10.217988238273334	11	0.12962962962962962	0.005	0.0	56
109	0.034168564920273	0.000000000000000	10.217988238273334	11	0.12844036697247707	0.005	0.0	56
110	0.036036036036036	0.000000000000000	11.14712023930258	12	0.13636363636363635	0.005	0.0	56
111	0.036036036036036	0.000000000000000	11.14712023930258	12	0.13513513513513514	0.005	0.0	56
112	0.036036036036036	0.000000000000000	11.14712023930258	12	0.13392857142857142	0.005	0.0	56
113	0.036036036036036	0.000000000000000	11.14712023930258	12	0.13274336283185842	0.005	0.0	56
114	0.038548752834467	0.000000000000000	11.002525261291515	12	0.14035087719298245	0.005	0.0	56
115	0.048054919908467	0.000000000000000	11.844519643313985	13	0.14782608695652175	0.005	0.0	56
116	0.047835990888383	0.000000000000000	11.792277927914377	13	0.15517241379310345	0.005	0.0	56
117	0.047619047619048	0.000000000000000	12.772547565934568	14	0.1623931623931624	0.005	0.0	56
118	0.047619047619048	0.000000000000000	12.772547565934568	14	0.16101694915254236	0.005	0.0	56
119	0.047619047619048	0.000000000000000	12.772547565934568	14	0.15966386554621848	0.005	0.0	56
120	0.047619047619048	0.000000000000000	12.772547565934568	14	0.15833333333333333	0.005	0.0	56
121	0.047619047619048	0.000000000000000	12.772547565934568	14	0.15702479338842976	0.005	0.0	56
122	0.047619047619048	0.000000000000000	12.772547565934568	14	0.1557377049180328	0.005	0.0	56
123	0.052391799544419	0.000000000000000	13.740913978148308	15	0.16260162601626016	0.005	0.0	56
124	0.031818181818182	0.000000000000000	13.530632899106617	15	0.1693548387096774	0.005	0.0	56
125	0.031963470319635	0.000000000000000	12.775671067045549	14	0.176	0.005	0.0	56
126	0.025171624713959	0.000000000000000	13.754994375316226	15	0.18253968253968253	0.005	0.0	56
127	0.025171624713959	0.000000000000000	13.754994375316226	15	0.18110236220472442	0.005	0.0	56
128	0.025171624713959	0.000000000000000	13.754994375316226	15	0.1796875	0.005	0.0	56
129	0.025171624713959	0.000000000000000	13.754994375316226	15	0.17829457364341086	0.005	0.0	56
130	0.025171624713959	0.000000000000000	13.754994375316226	15	0.17692307692307693	0.005	0.0	56
131	0.025056947608200	0.000000000000000	13.72509079713767	15	0.183206106870229	0.005	0.0	56
132	0.025056947608200	0.000000000000000	13.72509079713767	15	0.18181818181818182	0.005	0.0	56
133	0.025056947608200	0.000000000000000	13.72509079713767	15	0.18045112781954886	0.005	0.0	56
134	0.022831050228311	0.000000000000000	13.745163764305941	15	0.1865671641791045	0.005	0.0	56
135	0.027397260273973	0.000000000000000	14.72612844992179	16	0.1925925925925926	0.005	0.0	56
136	0.034013605442177	0.000000000000000	15.718706381638762	17	0.19852941176470587	0.005	0.0	56
137	0.034013605442177	0.000000000000000	15.718706381638762	17	0.19708029197080293	0.005	0.0	56
138	0.034013605442177	0.000000000000000	15.718706381638762	17	0.1956521739130435	0.005	0.0	56
139	0.034013605442177	0.000000000000000	15.718706381638762	17	0.19424460431654678	0.005	0.0	56
140	0.034013605442177	0.000000000000000	15.718706381638762	17	0.19285714285714287	0.005	0.0	56
141	0.034013605442177	0.000000000000000	15.718706381638762	17	0.19148936170212766	0.005	0.0	56
142	0.034013605442177	0.000000000000000	15.718706381638762	17	0.19014084507042253	0.005	0.0	56
143	0.034013605442177	0.000000000000000	15.718706381638762	17	0.1888111888111888	0.005	0.0	56
144	0.034013605442177	0.000000000000000	15.718706381638762	17	0.1875	0.005	0.0	56
145	0.034013605442177	0.000000000000000	15.718706381638762	17	0.18620689655172415	0.005	0.0	56
146	0.034013605442177	0.000000000000000	15.718706381638762	17	0.18493150684931506	0.005	0.0	56
147	0.029478458049887	0.000000000000000	15.726282287067152	17	0.19047619047619047	0.005	0.0	56
148	0.029478458049887	0.000000000000000	15.726282287067152	17	0.1891891891891892	0.005	0.0	56
149	0.031674208144796	0.000000000000000	16.72628228706715	18	0.19463087248322147	0.005	0.0	56
150	0.031674208144796	0.000000000000000	16.67404057166754	18	0.2	0.005	0.0	56
151	0.031674208144796	0.000000000000000	16.67404057166754	18	0.1986754966887417	0.005	0.0	56
152	0.031674208144796	0.000000000000000	17.63359287663208	19	0.20394736842105263	0.005	0.0	56
153	0.031674208144796	0.000000000000000	17.63359287663208	19	0.20261437908496732	0.005	0.0	56
154	0.031674208144796	0.000000000000000	17.63359287663208	19	0.2012987012987013	0.005	0.0	56
155	0.031674208144796	0.000000000000000	17.63359287663208	19	0.2	0.005	0.0	56
156	0.031674208144796	0.000000000000000	17.66522646441834	19	0.20512820512820512	0.005	0.0	56
157	0.027149321266968	0.000000000000000	17.62960739883323	19	0.21019108280254778	0.005	0.0	56
158	0.027149321266968	0.000000000000000	17.62960739883323	19	0.2088607594936709	0.005	0.0	56
159	0.027272727272727	0.000000000000000	18.545984914447388	20	0.2138364779874214	0.005	0.0	56
160	0.029213483146067	0.000000000000000	18.563950833176666	20	0.21875	0.005	0.0	56
161	0.029213483146067	0.000000000000000	18.651811614161385	20	0.2236024844720497	0.005	0.0	56
162	0.027027027027027	0.000000000000000	18.659233682444412	20	0.22839506172839505	0.005	0.0	56
163	0.027027027027027	0.000000000000000	19.61891518958305	21	0.2331288343558282	0.005	0.0	56
164	0.027027027027027	0.000000000000000	19.61891518958305	21	0.23170731707317074	0.005	0.0	56
165	0.024719101123596	0.000000000000000	20.61891518958305	22	0.23636363636363636	0.005	0.0	56
166	0.044843049327354	0.000000000000000	21.59037267946159	23	0.24096385542168675	0.005	0.0	56
167	0.044843049327354	0.000000000000000	21.59037267946159	23	0.23952095808383234	0.005	0.0	56
168	0.044843049327354	0.000000000000000	21.59037267946159	23	0.23809523809523808	0.005	0.0	56
169	0.044843049327354	0.000000000000000	21.59037267946159	23	0.23668639053254437	0.005	0.0	56
170	0.044843049327354	0.000000000000000	21.59037267946159	23	0.23529411764705882	0.005	0.0	56
171	0.044843049327354	0.000000000000000	21.59037267946159	23	0.23391812865497075	0.005	0.0	56
172	0.044843049327354	0.000000000000000	21.59037267946159	23	0.23255813953488372	0.005	0.0	56
173	0.044843049327354	0.000000000000000	21.59037267946159	23	0.23121387283236994	0.005	0.0	56
174	0.044843049327354	0.000000000000000	21.59037267946159	23	0.22988505747126436	0.005	0.0	56
175	0.044843049327354	0.000000000000000	21.59037267946159	23	0.22857142857142856	0.005	0.0	56
176	0.044843049327354	0.000000000000000	21.59037267946159	23	0.22727272727272727	0.005	0.0	56
177	0.035714285714286	0.000000000000000	21.6094812273189	23	0.23163841807909605	0.005	0.0	56
178	0.035714285714286	0.000000000000000	21.6094812273189	23	0.2303370786516854	0.005	0.0	56
179	0.029213483146067	0.000000000000000	21.575854423699433	23	0.2346368715083799	0.005	0.0	56
180	0.029213483146067	0.000000000000000	21.575854423699433	23	0.23333333333333334	0.005	0.0	56
181	0.029213483146067	0.000000000000000	21.575854423699433	23	0.23204419889502761	0.005	0.0	56
182	0.029213483146067	0.000000000000000	21.575854423699433	23	0.23076923076923078	0.005	0.0	56
183	0.029213483146067	0.000000000000000	21.575854423699433	23	0.22950819672131148	0.005	0.0	56
184	0.029213483146067	0.000000000000000	21.575854423699433	23	0.22826086956521738	0.005	0.0	56
185	0.029213483146067	0.000000000000000	21.575854423699433	23	0.22702702702702704	0.005	0.0	56
186	0.029213483146067	0.000000000000000	21.575854423699433	23	0.22580645161290322	0.005	0.0	56
187	0.029213483146067	0.000000000000000	21.575854423699433	23	0.22459893048128343	0.005	0.0	56
188	0.029213483146067	0.000000000000000	21.575854423699433	23	0.22340425531914893	0.005	0.0	56
189	0.029213483146067	0.000000000000000	21.575854423699433	23	0.2222222222222222	0.005	0.0	56
190	0.029213483146067	0.000000000000000	21.575854423699433	23	0.22105263157894736	0.005	0.0	56
191	0.029213483146067	0.000000000000000	21.575854423699433	23	0.2198952879581152	0.005	0.0	56
192	0.029213483146067	0.000000000000000	21.575854423699433	23	0.21875	0.005	0.0	56
193	0.029213483146067	0.000000000000000	21.575854423699433	23	0.21761658031088082	0.005	0.0	56
194	0.029213483146067	0.000000000000000	21.575854423699433	23	0.21649484536082475	0.005	0.0	56
195	0.029213483146067	0.000000000000000	21.575854423699433	23	0.2153846153846154	0.005	0.0	56
196	0.029213483146067	0.000000000000000	21.575854423699433	23	0.21428571428571427	0.005	0.0	56
197	0.029213483146067	0.000000000000000	21.575854423699433	23	0.2131979695431472	0.005	0.0	56
198	0.029213483146067	0.000000000000000	21.575854423699433	23	0.21212121212121213	0.005	0.0	56
199	0.029213483146067	0.000000000000000	21.575854423699433	23	0.21105527638190955	0.005	0.0	56
200	0.029213483146067	0.000000000000000	21.575854423699433	23	0.21	0.005	0.0	56
201	0.029213483146067	0.000000000000000	21.575854423699433	23	0.208955223880597	0.005	0.0	56
202	0.029213483146067	0.000000000000000	21.575854423699433	23	0.2079207920792079	0.005	0.0	56
203	0.029213483146067	0.000000000000000	21.575854423699433	23	0.20689655172413793	0.005	0.0	56
204	0.029213483146067	0.000000000000000	21.575854423699433	23	0.20588235294117646	0.005	0.0	56
205	0.029213483146067	0.000000000000000	21.575854423699433	23	0.2048780487804878	0.005	0.0	56
206	0.029213483146067	0.000000000000000	21.575854423699433	23	0.20388349514563106	0.005	0.0	56
207	0.029213483146067	0.000000000000000	21.575854423699433	23	0.2028985507246377	0.005	0.0	56
208	0.029213483146067	0.000000000000000	21.575854423699433	23	0.20192307692307693	0.005	0.0	56
209	0.062780269058296	0.000000000000000	22.52752497536998	24	0.20574162679425836	0.005	0.0	56
210	0.062780269058296	0.000000000000000	22.52752497536998	24	0.20476190476190476	0.005	0.0	56
211	0.062780269058296	0.000000000000000	22.52752497536998	24	0.2037914691943128	0.005	0.0	56
212	0.062780269058296	0.000000000000000	22.52752497536998	24	0.2028301886792453	0.005	0.0	56
213	0.062780269058296	0.000000000000000	22.52752497536998	24	0.20187793427230047	0.005	0.0	56
214	0.058823529411765	0.000000000000000	22.486511537520038	24	0.205607476635514	0.005	0.0	56
215	0.058823529411765	0.000000000000000	22.486511537520038	24	0.20465116279069767	0.005	0.0	56
216	0.058823529411765	0.000000000000000	22.486511537520038	24	0.2037037037037037	0.005	0.0	56
217	0.058558558558559	0.000000000000000	22.488038434395772	24	0.2073732718894009	0.005	0.0	56
218	0.053571428571429	0.000000000000000	23.243000266456843	25	0.21100917431192662	0.005	0.0	56
219	0.053571428571429	0.000000000000000	23.243000266456843	25	0.2100456621004566	0.005	0.0	56
220	0.053571428571429	0.000000000000000	23.243000266456843	25	0.20909090909090908	0.005	0.0	56
221	0.053571428571429	0.000000000000000	23.243000266456843	25	0.2081447963800905	0.005	0.0	56
222	0.053571428571429	0.000000000000000	23.243000266456843	25	0.2072072072072072	0.005	0.0	56
223	0.053571428571429	0.000000000000000	23.243000266456843	25	0.2062780269058296	0.005	0.0	56
224	0.049107142857143	0.000000000000000	23.248289652713183	25	0.20982142857142858	0.005	0.0	56
225	0.049107142857143	0.000000000000000	23.248289652713183	25	0.2088888888888889	0.005	0.0	56
226	0.049107142857143	0.000000000000000	23.248289652713183	25	0.2079646017699115	0.005	0.0	56
227	0.049107142857143	0.000000000000000	23.248289652713183	25	0.20704845814977973	0.005	0.0	56
228	0.049107142857143	0.000000000000000	23.248289652713183	25	0.20614035087719298	0.005	0.0	56
229	0.051454138702461	0.000000000000000	24.225604934291752	26	0.2096069868995633	0.005	0.0	56
230	0.051454138702461	0.000000000000000	24.225604934291752	26	0.20869565217391303	0.005	0.0	56
231	0.054054054054054	0.000000000000000	25.052929732135418	27	0.21212121212121213	0.005	0.0	56
232	0.054054054054054	0.000000000000000	25.052929732135418	27	0.21120689655172414	0.005	0.0	56
233	0.054054054054054	0.000000000000000	25.052929732135418	27	0.21030042918454936	0.005	0.0	56
234	0.058823529411765	0.000000000000000	25.812443902175904	28	0.21367521367521367	0.005	0.0	56
235	0.058823529411765	0.000000000000000	25.812443902175904	28	0.2127659574468085	0.005	0.0	56
236	0.058823529411765	0.000000000000000	25.812443902175904	28	0.211864406779661	0.005	0.0	56
237	0.058823529411765	0.000000000000000	25.812443902175904	28	0.2109704641350211	0.005	0.0	56
238	0.058823529411765	0.000000000000000	25.812443902175904	28	0.21008403361344538	0.005	0.0	56
239	0.058823529411765	0.000000000000000	25.812443902175904	28	0.20920502092050208	0.005	0.0	56
240	0.058823529411765	0.000000000000000	25.812443902175904	28	0.20833333333333334	0.005	0.0	56
241	0.058823529411765	0.000000000000000	25.812443902175904	28	0.2074688796680498	0.005	0.0	56
242	0.065759637188209	0.000000000000000	25.957038880186968	28	0.21074380165289255	0.005	0.0	56
243	0.065759637188209	0.000000000000000	25.957038880186968	28	0.20987654320987653	0.005	0.0	56
244	0.060948081264108	0.000000000000000	25.9669782332867	28	0.21311475409836064	0.005	0.0	56
245	0.060948081264108	0.000000000000000	25.9669782332867	28	0.21224489795918366	0.005	0.0	56
246	0.060948081264108	0.000000000000000	25.9669782332867	28	0.21138211382113822	0.005	0.0	56
247	0.060948081264108	0.000000000000000	25.9669782332867	28	0.21052631578947367	0.005	0.0	56
248	0.060948081264108	0.000000000000000	25.9669782332867	28	0.20967741935483872	0.005	0.0	56
249	0.060948081264108	0.000000000000000	25.9669782332867	28	0.20883534136546184	0.005	0.0	56
250	0.071264367816092	0.000000000000000	25.9669782332867	28	0.212	0.005	0.0	56
251	0.071264367816092	0.000000000000000	25.9669782332867	28	0.21115537848605578	0.005	0.0	56
252	0.071264367816092	0.000000000000000	25.9669782332867	28	0.21031746031746032	0.005	0.0	56
253	0.066974595842956	0.000000000000000	26.62686195421693	29	0.2134387351778656	0.005	0.0	56
254	0.066974595842956	0.000000000000000	26.62686195421693	29	0.2125984251968504	0.005	0.0	56
255	0.066974595842956	0.000000000000000	26.62686195421693	29	0.21176470588235294	0.005	0.0	56
256	0.066974595842956	0.000000000000000	26.62686195421693	29	0.2109375	0.005	0.0	56
257	0.066974595842956	0.000000000000000	26.62686195421693	29	0.21011673151750973	0.005	0.0	56
258	0.066974595842956	0.000000000000000	26.62686195421693	29	0.20930232558139536	0.005	0.0	56
259	0.066974595842956	0.000000000000000	26.62686195421693	29	0.2084942084942085	0.005	0.0	56
260	0.070294784580499	0.000000000000000	26.856859126962195	29	0.21153846153846154	0.005	0.0	56
261	0.070294784580499	0.000000000000000	26.856859126962195	29	0.210727969348659	0.005	0.0	56
262	0.070294784580499	0.000000000000000	26.856859126962195	29	0.2099236641221374	0.005	0.0	56
263	0.070294784580499	0.000000000000000	26.856859126962195	29	0.20912547528517111	0.005	0.0	56
264	0.070294784580499	0.000000000000000	26.716606392817138	29	0.21212121212121213	0.005	0.0	56
265	0.070294784580499	0.000000000000000	26.716606392817138	29	0.21132075471698114	0.005	0.0	56
266	0.070294784580499	0.000000000000000	26.716606392817138	29	0.21052631578947367	0.005	0.0	56
267	0.063063063063063	0.000000000000000	26.957735425075203	29	0.21348314606741572	0.005	0.0	56
268	0.063063063063063	0.000000000000000	26.957735425075203	29	0.2126865671641791	0.005	0.0	56
269	0.072727272727273	0.000000000000000	27.957735425075203	30	0.21561338289962825	0.005	0.0	56
270	0.072727272727273	0.000000000000000	27.957735425075203	30	0.21481481481481482	0.005	0.0	56
271	0.072727272727273	0.000000000000000	27.957735425075203	30	0.2140221402214022	0.005	0.0	56
272	0.072727272727273	0.000000000000000	28.886682793496252	31	0.21691176470588236	0.005	0.0	56
273	0.072727272727273	0.000000000000000	28.886682793496252	31	0.21611721611721613	0.005	0.0	56
274	0.072727272727273	0.000000000000000	28.886682793496252	31	0.21532846715328466	0.005	0.0	56
275	0.072727272727273	0.000000000000000	28.886682793496252	31	0.21454545454545454	0.005	0.0	56
276	0.072727272727273	0.000000000000000	28.886682793496252	31	0.213768115942029	0.005	0.0	56
277	0.075170842824601	0.000000000000000	28.86967884746095	31	0.21660649819494585	0.005	0.0	56
278	0.075170842824601	0.000000000000000	28.86967884746095	31	0.2158273381294964	0.005	0.0	56
279	0.075170842824601	0.000000000000000	28.86967884746095	31	0.21505376344086022	0.005	0.0	56
280	0.078341013824885	0.000000000000000	28.901529938155125	31	0.21785714285714286	0.005	0.0	56
281	0.078341013824885	0.000000000000000	28.901529938155125	31	0.21708185053380782	0.005	0.0	56
282	0.078341013824885	0.000000000000000	28.901529938155125	31	0.21631205673758866	0.005	0.0	56
283	0.080459770114943	0.000000000000000	29.07420514031146	31	0.21908127208480566	0.005	0.0	56
284	0.080459770114943	0.000000000000000	29.07420514031146	31	0.21830985915492956	0.005	0.0	56
285	0.085972850678733	0.000000000000000	29.833076108053397	32	0.22105263157894736	0.005	0.0	56
286	0.085972850678733	0.000000000000000	29.833076108053397	32	0.2202797202797203	0.005	0.0	56
287	0.085972850678733	0.000000000000000	29.833076108053397	32	0.21951219512195122	0.005	0.0	56
288	0.081818181818182	0.000000000000000	29.677245981101276	32	0.2222222222222222	0.005	0.0	56
289	0.081818181818182	0.000000000000000	29.677245981101276	32	0.22145328719723184	0.005	0.0	56
290	0.081818181818182	0.000000000000000	29.677245981101276	32	0.2206896551724138	0.005	0.0	56
291	0.081818181818182	0.000000000000000	29.677245981101276	32	0.21993127147766323	0.005	0.0	56
292	0.086363636363636	0.000000000000000	29.697035062987133	32	0.2226027397260274	0.005	0.0	56
293	0.083900226757370	0.000000000000000	29.796497841485984	32	0.22525597269624573	0.005	0.0	56
294	0.083900226757370	0.000000000000000	29.796497841485984	32	0.22448979591836735	0.005	0.0	56
295	0.088435374149660	0.000000000000000	30.75548440363604	33	0.2271186440677966	0.005	0.0	56
296	0.088435374149660	0.000000000000000	30.75548440363604	33	0.22635135135135134	0.005	0.0	56
297	0.088435374149660	0.000000000000000	30.75548440363604	33	0.2255892255892256	0.005	0.0	56
298	0.088435374149660	0.000000000000000	30.75548440363604	33	0.22483221476510068	0.005	0.0	56
299	0.088435374149660	0.000000000000000	30.75548440363604	33	0.22408026755852842	0.005	0.0	56
300	0.088435374149660	0.000000000000000	30.75548440363604	33	0.22333333333333333	0.005	0.0	56
301	0.088435374149660	0.000000000000000	30.75548440363604	33	0.22259136212624583	0.005	0.0	56
302	0.088435374149660	0.000000000000000	30.75548440363604	33	0.22185430463576158	0.005	0.0	56
303	0.088435374149660	0.000000000000000	30.75548440363604	33	0.22112211221122113	0.005	0.0	56
304	0.088435374149660	0.000000000000000	30.75548440363604	33	0.22039473684210525	0.005	0.0	56
305	0.088435374149660	0.000000000000000	30.75548440363604	33	0.21967213114754097	0.005	0.0	56
306	0.088435374149660	0.000000000000000	30.75548440363604	33	0.21895424836601307	0.005	0.0	56
307	0.088435374149660	0.000000000000000	30.75548440363604	33	0.2182410423452769	0.005	0.0	56
308	0.088435374149660	0.000000000000000	30.75548440363604	33	0.21753246753246752	0.005	0.0	56
309	0.094688221709007	0.000000000000000	30.67705758491547	33	0.22006472491909385	0.005	0.0	56
310	0.094688221709007	0.000000000000000	30.67705758491547	33	0.21935483870967742	0.005	0.0	56
311	0.091743119266055	0.000000000000000	30.76491836590019	33	0.22186495176848875	0.005	0.0	56
312	0.090909090909091	0.000000000000000	30.881038840307184	33	0.22435897435897437	0.005	0.0	56
313	0.090909090909091	0.000000000000000	30.881038840307184	33	0.22364217252396165	0.005	0.0	56
314	0.090909090909091	0.000000000000000	30.881038840307184	33	0.2229299363057325	0.005	0.0	56
315	0.090909090909091	0.000000000000000	30.881038840307184	33	0.2222222222222222	0.005	0.0	56
316	0.090909090909091	0.000000000000000	30.881038840307184	33	0.22151898734177214	0.005	0.0	56
317	0.090909090909091	0.000000000000000	30.881038840307184	33	0.22082018927444794	0.005	0.0	56
318	0.090909090909091	0.000000000000000	30.881038840307184	33	0.22012578616352202	0.005	0.0	56
319	0.090909090909091	0.000000000000000	30.881038840307184	33	0.219435736677116	0.005	0.0	56
320	0.090909090909091	0.000000000000000	30.881038840307184	33	0.21875	0.005	0.0	56
321	0.086757990867580	0.000000000000000	30.879511943431453	33	0.22118380062305296	0.005	0.0	56
322	0.086757990867580	0.000000000000000	30.879511943431453	33	0.2204968944099379	0.005	0.0	56
323	0.086757990867580	0.000000000000000	30.879511943431453	33	0.21981424148606812	0.005	0.0	56
324	0.086757990867580	0.000000000000000	30.879511943431453	33	0.2191358024691358	0.005	0.0	56
325	0.086757990867580	0.000000000000000	30.879511943431453	33	0.21846153846153846	0.005	0.0	56
326	0.088036117381490	0.000000000000000	30.67419333373485	33	0.22085889570552147	0.005	0.0	56
327	0.088036117381490	0.000000000000000	30.67419333373485	33	0.22018348623853212	0.005	0.0	56
328	0.088036117381490	0.000000000000000	30.67419333373485	33	0.21951219512195122	0.005	0.0	56
329	0.088036117381490	0.000000000000000	30.67419333373485	33	0.2188449848024316	0.005	0.0	56
330	0.081447963800905	0.000000000000000	30.462183034796343	33	0.22121212121212122	0.005	0.0	56
331	0.081447963800905	0.000000000000000	30.462183034796343	33	0.22054380664652568	0.005	0.0	56
332	0.081447963800905	0.000000000000000	30.462183034796343	33	0.21987951807228914	0.005	0.0	56
333	0.081447963800905	0.000000000000000	30.462183034796343	33	0.21921921921921922	0.005	0.0	56
334	0.081447963800905	0.000000000000000	30.462183034796343	33	0.218562874251497	0.005	0.0	56
335	0.081447963800905	0.000000000000000	30.462183034796343	33	0.21791044776119403	0.005	0.0	56
336	0.090909090909091	0.000000000000000	31.30643199990574	34	0.22023809523809523	0.005	0.0	56
337	0.090909090909091	0.000000000000000	31.30643199990574	34	0.2195845697329377	0.005	0.0	56
338	0.090909090909091	0.000000000000000	31.30643199990574	34	0.21893491124260356	0.005	0.0	56
339	0.090909090909091	0.000000000000000	31.30643199990574	34	0.2182890855457227	0.005	0.0	56
340	0.090909090909091	0.000000000000000	31.30643199990574	34	0.21764705882352942	0.005	0.0	56
341	0.090909090909091	0.000000000000000	31.30643199990574	34	0.21700879765395895	0.005	0.0	56
342	0.090909090909091	0.000000000000000	31.30643199990574	34	0.21637426900584794	0.005	0.0	56
343	0.090909090909091	0.000000000000000	31.30643199990574	34	0.21574344023323616	0.005	0.0	56
344	0.090909090909091	0.000000000000000	31.30643199990574	34	0.21511627906976744	0.005	0.0	56
345	0.090909090909091	0.000000000000000	31.30643199990574	34	0.2144927536231884	0.005	0.0	56
346	0.090909090909091	0.000000000000000	31.30643199990574	34	0.2138728323699422	0.005	0.0	56
347	0.090090090090090	0.000000000000000	31.528399311346735	34	0.21613832853025935	0.005	0.0	56
348	0.090090090090090	0.000000000000000	31.528399311346735	34	0.21551724137931033	0.005	0.0	56
349	0.090090090090090	0.000000000000000	31.528399311346735	34	0.2148997134670487	0.005	0.0	56
350	0.090090090090090	0.000000000000000	31.528399311346735	34	0.21428571428571427	0.005	0.0	56
351	0.090090090090090	0.000000000000000	31.528399311346735	34	0.21367521367521367	0.005	0.0	56
352	0.090090090090090	0.000000000000000	31.528399311346735	34	0.21306818181818182	0.005	0.0	56
353	0.099547511312217	0.000000000000000	31.510826370460748	34	0.21529745042492918	0.005	0.0	56
354	0.099547511312217	0.000000000000000	31.510826370460748	34	0.21468926553672316	0.005	0.0	56
355	0.099547511312217	0.000000000000000	31.510826370460748	34	0.2140845070422535	0.005	0.0	56
356	0.099547511312217	0.000000000000000	31.510826370460748	34	0.21348314606741572	0.005	0.0	56
357	0.099547511312217	0.000000000000000	31.510826370460748	34	0.21288515406162464	0.005	0.0	56
358	0.099547511312217	0.000000000000000	31.510826370460748	34	0.2122905027932961	0.005	0.0	56
359	0.099547511312217	0.000000000000000	31.510826370460748	34	0.2116991643454039	0.005	0.0	56
360	0.099547511312217	0.000000000000000	31.510826370460748	34	0.2111111111111111	0.005	0.0	56
361	0.099547511312217	0.000000000000000	31.510826370460748	34	0.21052631578947367	0.005	0.0	56
362	0.099547511312217	0.000000000000000	31.510826370460748	34	0.20994475138121546	0.005	0.0	56
363	0.099547511312217	0.000000000000000	31.510826370460748	34	0.209366391184573	0.005	0.0	56
364	0.099547511312217	0.000000000000000	31.510826370460748	34	0.2087912087912088	0.005	0.0	56
365	0.099547511312217	0.000000000000000	31.510826370460748	34	0.20821917808219179	0.005	0.0	56
366	0.099547511312217	0.000000000000000	31.510826370460748	34	0.20765027322404372	0.005	0.0	56
367	0.099547511312217	0.000000000000000	31.510826370460748	34	0.20708446866485014	0.005	0.0	56
368	0.099547511312217	0.000000000000000	31.510826370460748	34	0.20652173913043478	0.005	0.0	56
369	0.099547511312217	0.000000000000000	31.510826370460748	34	0.20596205962059622	0.005	0.0	56
370	0.099547511312217	0.000000000000000	31.510826370460748	34	0.20540540540540542	0.005	0.0	56
371	0.099547511312217	0.000000000000000	31.510826370460748	34	0.20485175202156333	0.005	0.0	56
372	0.099547511312217	0.000000000000000	31.510826370460748	34	0.20430107526881722	0.005	0.0	56
373	0.094252873563218	0.000000000000000	31.503970411953848	34	0.2064343163538874	0.005	0.0	56
374	0.080091533180778	0.000000000000000	31.54212830669069	34	0.20855614973262032	0.005	0.0	56
375	0.080091533180778	0.000000000000000	31.54212830669069	34	0.208	0.005	0.0	56
376	0.080091533180778	0.000000000000000	31.54212830669069	34	0.2074468085106383	0.005	0.0	56
377	0.080091533180778	0.000000000000000	31.54212830669069	34	0.20689655172413793	0.005	0.0	56
378	0.080091533180778	0.000000000000000	31.54212830669069	34	0.20634920634920634	0.005	0.0	56
379	0.080091533180778	0.000000000000000	31.54212830669069	34	0.20580474934036938	0.005	0.0	56
380	0.080091533180778	0.000000000000000	31.54212830669069	34	0.20526315789473684	0.005	0.0	56
381	0.080091533180778	0.000000000000000	31.54212830669069	34	0.2047244094488189	0.005	0.0	56
382	0.080091533180778	0.000000000000000	31.54212830669069	34	0.20418848167539266	0.005	0.0	56
383	0.080091533180778	0.000000000000000	31.54212830669069	34	0.20365535248041775	0.005	0.0	56
384	0.080091533180778	0.000000000000000	31.54212830669069	34	0.203125	0.005	0.0	56
385	0.080091533180778	0.000000000000000	31.54212830669069	34	0.2025974025974026	0.005	0.0	56
386	0.085057471264368	0.000000000000000	31.513466535984854	34	0.20466321243523317	0.005	0.0	56
387	0.085057471264368	0.000000000000000	31.513466535984854	34	0.2041343669250646	0.005	0.0	56
388	0.085057471264368	0.000000000000000	31.513466535984854	34	0.2036082474226804	0.005	0.0	56
389	0.085057471264368	0.000000000000000	31.513466535984854	34	0.20308483290488433	0.005	0.0	56
390	0.085972850678733	0.000000000000000	32.500328870017	35	0.20512820512820512	0.005	0.0	56
391	0.085972850678733	0.000000000000000	32.500328870017	35	0.20460358056265984	0.005	0.0	56
392	0.085972850678733	0.000000000000000	32.500328870017	35	0.20408163265306123	0.005	0.0	56
393	0.085972850678733	0.000000000000000	32.500328870017	35	0.2035623409669211	0.005	0.0	56
394	0.085972850678733	0.000000000000000	32.500328870017	35	0.20304568527918782	0.005	0.0	56
395	0.085972850678733	0.000000000000000	32.500328870017	35	0.20253164556962025	0.005	0.0	56
396	0.085972850678733	0.000000000000000	32.500328870017	35	0.20202020202020202	0.005	0.0	56
397	0.085972850678733	0.000000000000000	32.500328870017	35	0.20151133501259447	0.005	0.0	56
398	0.085972850678733	0.000000000000000	32.500328870017	35	0.20100502512562815	0.005	0.0	56
399	0.085972850678733	0.000000000000000	32.500328870017	35	0.20050125313283207	0.005	0.0	56
400	0.085972850678733	0.000000000000000	32.500328870017	35	0.2	0.005	0.0	56
401	0.085972850678733	0.000000000000000	32.500328870017	35	0.19950124688279303	0.005	0.0	56
402	0.085972850678733	0.000000000000000	32.500328870017	35	0.19900497512437812	0.005	0.0	56
403	0.085972850678733	0.000000000000000	32.500328870017	35	0.19851116625310175	0.005	0.0	56
404	0.085972850678733	0.000000000000000	32.500328870017	35	0.19801980198019803	0.005	0.0	56
405	0.085972850678733	0.000000000000000	32.500328870017	35	0.19753086419753085	0.005	0.0	56
406	0.085972850678733	0.000000000000000	32.500328870017	35	0.19704433497536947	0.005	0.0	56
407	0.085972850678733	0.000000000000000	32.500328870017	35	0.19656019656019655	0.005	0.0	56
408	0.085972850678733	0.000000000000000	32.500328870017	35	0.19607843137254902	0.005	0.0	56
409	0.092970521541950	0.000000000000000	32.71860098526073	35	0.1980440097799511	0.005	0.0	56
410	0.105022831050228	0.000000000000000	33.63497850087488	36	0.2	0.005	0.0	56
411	0.105022831050228	0.000000000000000	33.63497850087488	36	0.19951338199513383	0.005	0.0	56
412	0.100000000000000	0.000000000000000	32.654013815259034	35	0.20145631067961164	0.005	0.0	56
413	0.100000000000000	0.000000000000000	32.654013815259034	35	0.2009685230024213	0.005	0.0	56
414	0.100000000000000	0.000000000000000	32.654013815259034	35	0.20048309178743962	0.005	0.0	56
415	0.100000000000000	0.000000000000000	32.654013815259034	35	0.2	0.005	0.0	56
416	0.100000000000000	0.000000000000000	32.654013815259034	35	0.19951923076923078	0.005	0.0	56
417	0.100000000000000	0.000000000000000	32.654013815259034	35	0.19904076738609114	0.005	0.0	56
418	0.100000000000000	0.000000000000000	32.654013815259034	35	0.19856459330143542	0.005	0.0	56
419	0.102505694760820	0.000000000000000	32.622380227472775	35	0.20047732696897375	0.005	0.0	56
420	0.102505694760820	0.000000000000000	32.622380227472775	35	0.2	0.005	0.0	56
421	0.102505694760820	0.000000000000000	32.622380227472775	35	0.1995249406175772	0.005	0.0	56
422	0.102505694760820	0.000000000000000	32.622380227472775	35	0.1990521327014218	0.005	0.0	56
423	0.102505694760820	0.000000000000000	32.622380227472775	35	0.19858156028368795	0.005	0.0	56
424	0.102505694760820	0.000000000000000	32.622380227472775	35	0.19811320754716982	0.005	0.0	56
425	0.102505694760820	0.000000000000000	32.622380227472775	35	0.1976470588235294	0.005	0.0	56
426	0.102505694760820	0.000000000000000	32.622380227472775	35	0.19718309859154928	0.005	0.0	56
427	0.102505694760820	0.000000000000000	32.622380227472775	35	0.19672131147540983	0.005	0.0	56
428	0.102505694760820	0.000000000000000	32.622380227472775	35	0.19626168224299065	0.005	0.0	56
429	0.102505694760820	0.000000000000000	32.622380227472775	35	0.1958041958041958	0.005	0.0	56
430	0.102505694760820	0.000000000000000	32.622380227472775	35	0.19534883720930232	0.005	0.0	56
431	0.102505694760820	0.000000000000000	32.622380227472775	35	0.19489559164733178	0.005	0.0	56
432	0.102505694760820	0.000000000000000	32.622380227472775	35	0.19444444444444445	0.005	0.0	56
433	0.102505694760820	0.000000000000000	32.622380227472775	35	0.19399538106235567	0.005	0.0	56
434	0.102505694760820	0.000000000000000	32.622380227472775	35	0.1935483870967742	0.005	0.0	56
435	0.107061503416856	0.000000000000000	32.85789228337155	35	0.19540229885057472	0.005	0.0	56
436	0.107061503416856	0.000000000000000	32.85789228337155	35	0.19495412844036697	0.005	0.0	56
437	0.107061503416856	0.000000000000000	32.85789228337155	35	0.1945080091533181	0.005	0.0	56
438	0.107061503416856	0.000000000000000	32.85789228337155	35	0.19406392694063926	0.005	0.0	56
439	0.107061503416856	0.000000000000000	32.85789228337155	35	0.19362186788154898	0.005	0.0	56
440	0.107061503416856	0.000000000000000	32.85789228337155	35	0.19318181818181818	0.005	0.0	56
441	0.107061503416856	0.000000000000000	32.85789228337155	35	0.1927437641723356	0.005	0.0	56
442	0.107061503416856	0.000000000000000	32.85789228337155	35	0.19230769230769232	0.005	0.0	56
443	0.107061503416856	0.000000000000000	32.85789228337155	35	0.19187358916478556	0.005	0.0	56
444	0.107061503416856	0.000000000000000	32.85789228337155	35	0.19144144144144143	0.005	0.0	56
445	0.107061503416856	0.000000000000000	32.85789228337155	35	0.19101123595505617	0.005	0.0	56
446	0.107061503416856	0.000000000000000	32.85789228337155	35	0.1905829596412556	0.005	0.0	56
447	0.107061503416856	0.000000000000000	32.85789228337155	35	0.19015659955257272	0.005	0.0	56
448	0.107061503416856	0.000000000000000	32.85789228337155	35	0.18973214285714285	0.005	0.0	56
449	0.107061503416856	0.000000000000000	32.85789228337155	35	0.18930957683741648	0.005	0.0	56
450	0.107061503416856	0.000000000000000	32.85789228337155	35	0.18888888888888888	0.005	0.0	56
451	0.107061503416856	0.000000000000000	32.85789228337155	35	0.188470066518847	0.005	0.0	56
452	0.107061503416856	0.000000000000000	32.85789228337155	35	0.18805309734513273	0.005	0.0	56
453	0.107061503416856	0.000000000000000	32.85789228337155	35	0.18763796909492272	0.005	0.0	56
454	0.105617977528090	0.000000000000000	32.75733533544618	35	0.1894273127753304	0.005	0.0	56
455	0.105617977528090	0.000000000000000	32.75733533544618	35	0.189010989010989	0.005	0.0	56
456	0.105617977528090	0.000000000000000	32.75733533544618	35	0.18859649122807018	0.005	0.0	56
457	0.105617977528090	0.000000000000000	32.75733533544618	35	0.18818380743982493	0.005	0.0	56
458	0.105617977528090	0.000000000000000	32.75733533544618	35	0.18777292576419213	0.005	0.0	56
459	0.105617977528090	0.000000000000000	32.75733533544618	35	0.18736383442265794	0.005	0.0	56
460	0.105617977528090	0.000000000000000	32.75733533544618	35	0.18695652173913044	0.005	0.0	56
461	0.105617977528090	0.000000000000000	32.75733533544618	35	0.18655097613882862	0.005	0.0	56
462	0.105617977528090	0.000000000000000	32.75733533544618	35	0.18614718614718614	0.005	0.0	56
463	0.105617977528090	0.000000000000000	32.75733533544618	35	0.1857451403887689	0.005	0.0	56
464	0.105617977528090	0.000000000000000	32.75733533544618	35	0.1853448275862069	0.005	0.0	56
465	0.105617977528090	0.000000000000000	32.75733533544618	35	0.18494623655913978	0.005	0.0	56
466	0.105617977528090	0.000000000000000	32.75733533544618	35	0.18454935622317598	0.005	0.0	56
467	0.105617977528090	0.000000000000000	32.75733533544618	35	0.1841541755888651	0.005	0.0	56
468	0.105617977528090	0.000000000000000	32.75733533544618	35	0.18376068376068377	0.005	0.0	56
469	0.105617977528090	0.000000000000000	32.75733533544618	35	0.18336886993603413	0.005	0.0	56
470	0.105617977528090	0.000000000000000	32.75733533544618	35	0.1829787234042553	0.005	0.0	56
471	0.105617977528090	0.000000000000000	32.75733533544618	35	0.18259023354564755	0.005	0.0	56
472	0.105617977528090	0.000000000000000	32.75733533544618	35	0.18220338983050846	0.005	0.0	56
473	0.105617977528090	0.000000000000000	32.75733533544618	35	0.18181818181818182	0.005	0.0	56
474	0.105617977528090	0.000000000000000	32.75733533544618	35	0.18143459915611815	0.005	0.0	56
475	0.105617977528090	0.000000000000000	32.75733533544618	35	0.18105263157894738	0.005	0.0	56
476	0.105617977528090	0.000000000000000	32.75733533544618	35	0.18067226890756302	0.005	0.0	56
477	0.105617977528090	0.000000000000000	32.75733533544618	35	0.18029350104821804	0.005	0.0	56
478	0.105617977528090	0.000000000000000	32.75733533544618	35	0.1799163179916318	0.005	0.0	56
479	0.105617977528090	0.000000000000000	32.75733533544618	35	0.17954070981210857	0.005	0.0	56
480	0.105617977528090	0.000000000000000	32.75733533544618	35	0.17916666666666667	0.005	0.0	56
481	0.105617977528090	0.000000000000000	32.75733533544618	35	0.1787941787941788	0.005	0.0	56
482	0.105617977528090	0.000000000000000	32.75733533544618	35	0.17842323651452283	0.005	0.0	56
483	0.105617977528090	0.000000000000000	32.75733533544618	35	0.17805383022774326	0.005	0.0	56
484	0.105617977528090	0.000000000000000	32.75733533544618	35	0.17768595041322313	0.005	0.0	56
485	0.105617977528090	0.000000000000000	32.75733533544618	35	0.177319587628866	0.005	0.0	56
486	0.105617977528090	0.000000000000000	32.75733533544618	35	0.17695473251028807	0.005	0.0	56
487	0.104545454545455	0.000000000000000	32.97073991559885	35	0.17864476386036962	0.005	0.0	56
488	0.104545454545455	0.000000000000000	32.97073991559885	35	0.17827868852459017	0.005	0.0	56
489	0.104545454545455	0.000000000000000	32.97073991559885	35	0.17791411042944785	0.005	0.0	56
490	0.104545454545455	0.000000000000000	32.97073991559885	35	0.17755102040816326	0.005	0.0	56
491	0.104545454545455	0.000000000000000	32.97073991559885	35	0.17718940936863545	0.005	0.0	56
492	0.104545454545455	0.000000000000000	32.97073991559885	35	0.17682926829268292	0.005	0.0	56
493	0.104545454545455	0.000000000000000	32.97073991559885	35	0.17647058823529413	0.005	0.0	56
494	0.104545454545455	0.000000000000000	32.97073991559885	35	0.17611336032388664	0.005	0.0	56
495	0.104545454545455	0.000000000000000	32.97073991559885	35	0.17575757575757575	0.005	0.0	56
496	0.104545454545455	0.000000000000000	32.97073991559885	35	0.17540322580645162	0.005	0.0	56
497	0.104545454545455	0.000000000000000	32.97073991559885	35	0.1750503018108652	0.005	0.0	56
498	0.104545454545455	0.000000000000000	32.97073991559885	35	0.1746987951807229	0.005	0.0	56
499	0.104545454545455	0.000000000000000	32.97073991559885	35	0.1743486973947896	0.005	0.0	56
500	0.104545454545455	0.000000000000000	32.97073991559885	35	0.174	0.005	0.0	56
501	0.104545454545455	0.000000000000000	32.97073991559885	35	0.17365269461077845	0.005	0.0	56
502	0.104545454545455	0.000000000000000	32.97073991559885	35	0.17330677290836655	0.005	0.0	56
503	0.104545454545455	0.000000000000000	32.97073991559885	35	0.17296222664015903	0.005	0.0	56
504	0.104545454545455	0.000000000000000	32.97073991559885	35	0.17261904761904762	0.005	0.0	56
505	0.104545454545455	0.000000000000000	32.97073991559885	35	0.17227722772277226	0.005	0.0	56
506	0.104545454545455	0.000000000000000	32.97073991559885	35	0.17193675889328064	0.005	0.0	56
507	0.104545454545455	0.000000000000000	32.97073991559885	35	0.17159763313609466	0.005	0.0	56
508	0.106094808126411	0.000000000000000	32.96813496516701	35	0.1732283464566929	0.005	0.0	56
509	0.106094808126411	0.000000000000000	32.96813496516701	35	0.17288801571709234	0.005	0.0	56
510	0.106094808126411	0.000000000000000	32.96813496516701	35	0.17254901960784313	0.005	0.0	56
511	0.106094808126411	0.000000000000000	32.96813496516701	35	0.17221135029354206	0.005	0.0	56
512	0.106094808126411	0.000000000000000	32.96813496516701	35	0.171875	0.005	0.0	56
513	0.106094808126411	0.000000000000000	32.96813496516701	35	0.17153996101364521	0.005	0.0	56
514	0.106094808126411	0.000000000000000	32.96813496516701	35	0.17120622568093385	0.005	0.0	56
515	0.106094808126411	0.000000000000000	32.96813496516701	35	0.170873786407767	0.005	0.0	56
516	0.106094808126411	0.000000000000000	32.96813496516701	35	0.17054263565891473	0.005	0.0	56
517	0.106094808126411	0.000000000000000	32.96813496516701	35	0.1702127659574468	0.005	0.0	56
518	0.106094808126411	0.000000000000000	32.96813496516701	35	0.16988416988416988	0.005	0.0	56
519	0.106094808126411	0.000000000000000	32.96813496516701	35	0.16955684007707128	0.005	0.0	56
520	0.108597285067873	0.000000000000000	33.5805380659422	36	0.17115384615384616	0.005	0.0	56
521	0.108597285067873	0.000000000000000	33.5805380659422	36	0.1708253358925144	0.005	0.0	56
522	0.108597285067873	0.000000000000000	33.5805380659422	36	0.17049808429118773	0.005	0.0	56
523	0.108597285067873	0.000000000000000	33.5805380659422	36	0.1701720841300191	0.005	0.0	56
524	0.108597285067873	0.000000000000000	33.5805380659422	36	0.16984732824427481	0.005	0.0	56
525	0.108597285067873	0.000000000000000	33.5805380659422	36	0.16952380952380952	0.005	0.0	56
526	0.108597285067873	0.000000000000000	33.5805380659422	36	0.16920152091254753	0.005	0.0	56
527	0.108597285067873	0.000000000000000	33.5805380659422	36	0.16888045540796964	0.005	0.0	56
528	0.108597285067873	0.000000000000000	33.5805380659422	36	0.16856060606060605	0.005	0.0	56
529	0.108597285067873	0.000000000000000	33.5805380659422	36	0.16824196597353497	0.005	0.0	56
530	0.108597285067873	0.000000000000000	33.5805380659422	36	0.16792452830188678	0.005	0.0	56
531	0.108597285067873	0.000000000000000	33.5805380659422	36	0.16760828625235405	0.005	0.0	56
532	0.092970521541950	0.000000000000000	34.560748984056346	37	0.16917293233082706	0.005	0.0	56
533	0.092970521541950	0.000000000000000	34.560748984056346	37	0.16885553470919323	0.005	0.0	56
534	0.092970521541950	0.000000000000000	34.560748984056346	37	0.16853932584269662	0.005	0.0	56
535	0.092970521541950	0.000000000000000	34.560748984056346	37	0.16822429906542055	0.005	0.0	56
536	0.092970521541950	0.000000000000000	34.560748984056346	37	0.16791044776119404	0.005	0.0	56
537	0.092970521541950	0.000000000000000	34.560748984056346	37	0.16759776536312848	0.005	0.0	56
538	0.092970521541950	0.000000000000000	34.560748984056346	37	0.16728624535315986	0.005	0.0	56
539	0.092970521541950	0.000000000000000	34.560748984056346	37	0.16697588126159554	0.005	0.0	56
540	0.092970521541950	0.000000000000000	34.560748984056346	37	0.16666666666666666	0.005	0.0	56
541	0.092970521541950	0.000000000000000	34.560748984056346	37	0.16635859519408502	0.005	0.0	56
542	0.092970521541950	0.000000000000000	34.560748984056346	37	0.16605166051660517	0.005	0.0	56
543	0.092970521541950	0.000000000000000	34.560748984056346	37	0.16574585635359115	0.005	0.0	56
544	0.092970521541950	0.000000000000000	34.560748984056346	37	0.16544117647058823	0.005	0.0	56
545	0.092970521541950	0.000000000000000	34.560748984056346	37	0.1651376146788991	0.005	0.0	56
546	0.092970521541950	0.000000000000000	34.560748984056346	37	0.16483516483516483	0.005	0.0	56
547	0.092970521541950	0.000000000000000	34.560748984056346	37	0.16453382084095064	0.005	0.0	56
548	0.092970521541950	0.000000000000000	34.560748984056346	37	0.16423357664233576	0.005	0.0	56
549	0.092970521541950	0.000000000000000	34.560748984056346	37	0.16393442622950818	0.005	0.0	56
550	0.092970521541950	0.000000000000000	34.560748984056346	37	0.16363636363636364	0.005	0.0	56
551	0.092970521541950	0.000000000000000	34.560748984056346	37	0.16333938294010888	0.005	0.0	56
552	0.092970521541950	0.000000000000000	34.560748984056346	37	0.16304347826086957	0.005	0.0	56
553	0.092970521541950	0.000000000000000	34.560748984056346	37	0.162748643761302	0.005	0.0	56
554	0.092970521541950	0.000000000000000	34.560748984056346	37	0.1624548736462094	0.005	0.0	56
555	0.092970521541950	0.000000000000000	34.560748984056346	37	0.16216216216216217	0.005	0.0	56
556	0.092970521541950	0.000000000000000	34.560748984056346	37	0.1618705035971223	0.005	0.0	56
557	0.092970521541950	0.000000000000000	34.560748984056346	37	0.1615798922800718	0.005	0.0	56
558	0.092970521541950	0.000000000000000	34.560748984056346	37	0.16129032258064516	0.005	0.0	56
559	0.092970521541950	0.000000000000000	34.560748984056346	37	0.16100178890876565	0.005	0.0	56
560	0.092970521541950	0.000000000000000	34.560748984056346	37	0.16071428571428573	0.005	0.0	56
561	0.092970521541950	0.000000000000000	34.560748984056346	37	0.16042780748663102	0.005	0.0	56
562	0.092970521541950	0.000000000000000	34.560748984056346	37	0.1601423487544484	0.005	0.0	56
563	0.092970521541950	0.000000000000000	34.560748984056346	37	0.15985790408525755	0.005	0.0	56
564	0.092970521541950	0.000000000000000	34.560748984056346	37	0.1595744680851064	0.005	0.0	56
565	0.092970521541950	0.000000000000000	34.560748984056346	37	0.1592920353982301	0.005	0.0	56
566	0.103603603603604	0.000000000000000	34.750339504183984	37	0.1607773851590106	0.005	0.0	56
567	0.103603603603604	0.000000000000000	34.750339504183984	37	0.16049382716049382	0.005	0.0	56
568	0.114754098360656	0.000000000000000	34.57080834352075	37	0.1619718309859155	0.005	0.0	56
569	0.107061503416856	0.000000000000000	34.667006170850655	37	0.1634446397188049	0.005	0.0	56
570	0.099099099099099	0.000000000000000	35.653868504882794	38	0.1649122807017544	0.005	0.0	56
571	0.099099099099099	0.000000000000000	35.653868504882794	38	0.1646234676007005	0.005	0.0	56
572	0.099099099099099	0.000000000000000	35.653868504882794	38	0.16433566433566432	0.005	0.0	56
573	0.099099099099099	0.000000000000000	35.653868504882794	38	0.16404886561954624	0.005	0.0	56
574	0.093394077448747	0.000000000000000	35.63319181315347	38	0.16550522648083624	0.005	0.0	56
575	0.093394077448747	0.000000000000000	35.63319181315347	38	0.16521739130434782	0.005	0.0	56
576	0.093394077448747	0.000000000000000	35.63319181315347	38	0.16493055555555555	0.005	0.0	56
577	0.093394077448747	0.000000000000000	35.63319181315347	38	0.16464471403812825	0.005	0.0	56
578	0.093394077448747	0.000000000000000	35.63319181315347	38	0.1643598615916955	0.005	0.0	56
579	0.091324200913242	0.000000000000000	35.6407608848107	38	0.16580310880829016	0.005	0.0	56
580	0.091324200913242	0.000000000000000	35.6407608848107	38	0.16551724137931034	0.005	0.0	56
581	0.089244851258581	0.000000000000000	35.47184804361963	38	0.16695352839931152	0.005	0.0	56
582	0.092970521541950	0.000000000000000	35.481352102377585	38	0.16838487972508592	0.005	0.0	56
583	0.088435374149660	0.000000000000000	35.48994870671887	38	0.16981132075471697	0.005	0.0	56
584	0.088435374149660	0.000000000000000	35.48994870671887	38	0.1695205479452055	0.005	0.0	56
585	0.088435374149660	0.000000000000000	35.48994870671887	38	0.16923076923076924	0.005	0.0	56
586	0.079726651480638	0.000000000000000	34.50308637268673	37	0.17064846416382254	0.005	0.0	56
587	0.076923076923077	0.000000000000000	34.480707340428665	37	0.17206132879045996	0.005	0.0	56
588	0.076923076923077	0.000000000000000	34.480707340428665	37	0.1717687074829932	0.005	0.0	56
589	0.076923076923077	0.000000000000000	34.480707340428665	37	0.17147707979626486	0.005	0.0	56
590	0.076923076923077	0.000000000000000	34.480707340428665	37	0.1711864406779661	0.005	0.0	56
591	0.077981651376147	0.000000000000000	34.47201178874471	37	0.17258883248730963	0.005	0.0	56
592	0.077981651376147	0.000000000000000	34.47201178874471	37	0.17229729729729729	0.005	0.0	56
593	0.077981651376147	0.000000000000000	34.47201178874471	37	0.17200674536256325	0.005	0.0	56
594	0.077981651376147	0.000000000000000	34.47201178874471	37	0.1717171717171717	0.005	0.0	56
595	0.077981651376147	0.000000000000000	34.47201178874471	37	0.17142857142857143	0.005	0.0	56
596	0.077981651376147	0.000000000000000	34.47201178874471	37	0.17114093959731544	0.005	0.0	56
597	0.077981651376147	0.000000000000000	34.47201178874471	37	0.1708542713567839	0.005	0.0	56
598	0.077981651376147	0.000000000000000	34.47201178874471	37	0.1705685618729097	0.005	0.0	56
599	0.077981651376147	0.000000000000000	34.47201178874471	37	0.17028380634390652	0.005	0.0	56
600	0.077981651376147	0.000000000000000	34.47201178874471	37	0.17	0.005	0.0	56
601	0.077981651376147	0.000000000000000	34.47201178874471	37	0.16971713810316139	0.005	0.0	56
602	0.077981651376147	0.000000000000000	34.47201178874471	37	0.16943521594684385	0.005	0.0	56
603	0.077981651376147	0.000000000000000	34.47201178874471	37	0.1691542288557214	0.005	0.0	56
604	0.077981651376147	0.000000000000000	34.47201178874471	37	0.16887417218543047	0.005	0.0	56
605	0.077981651376147	0.000000000000000	34.47201178874471	37	0.16859504132231404	0.005	0.0	56
606	0.077981651376147	0.000000000000000	34.47201178874471	37	0.16831683168316833	0.005	0.0	56
607	0.077981651376147	0.000000000000000	34.47201178874471	37	0.16803953871499178	0.005	0.0	56
608	0.077981651376147	0.000000000000000	34.47201178874471	37	0.16776315789473684	0.005	0.0	56
609	0.077981651376147	0.000000000000000	34.47201178874471	37	0.16748768472906403	0.005	0.0	56
610	0.077981651376147	0.000000000000000	34.47201178874471	37	0.16721311475409836	0.005	0.0	56
611	0.088838268792711	0.000000000000000	34.46732242195856	37	0.1685761047463175	0.005	0.0	56
612	0.088838268792711	0.000000000000000	34.46732242195856	37	0.16830065359477125	0.005	0.0	56
613	0.088838268792711	0.000000000000000	34.46732242195856	37	0.16802610114192496	0.005	0.0	56
614	0.088838268792711	0.000000000000000	34.46732242195856	37	0.16775244299674266	0.005	0.0	56
615	0.088838268792711	0.000000000000000	34.46732242195856	37	0.16747967479674797	0.005	0.0	56
616	0.088838268792711	0.000000000000000	34.46732242195856	37	0.1672077922077922	0.005	0.0	56
617	0.088838268792711	0.000000000000000	34.46732242195856	37	0.16693679092382496	0.005	0.0	56
618	0.088838268792711	0.000000000000000	34.46732242195856	37	0.16666666666666666	0.005	0.0	56
619	0.088838268792711	0.000000000000000	34.46732242195856	37	0.16639741518578352	0.005	0.0	56
620	0.088838268792711	0.000000000000000	34.46732242195856	37	0.16612903225806452	0.005	0.0	56
621	0.088838268792711	0.000000000000000	34.46732242195856	37	0.16586151368760063	0.005	0.0	56
622	0.088838268792711	0.000000000000000	34.46732242195856	37	0.16559485530546625	0.005	0.0	56
623	0.088838268792711	0.000000000000000	34.46732242195856	37	0.1653290529695024	0.005	0.0	56
624	0.088838268792711	0.000000000000000	34.46732242195856	37	0.16506410256410256	0.005	0.0	56
625	0.088838268792711	0.000000000000000	34.46732242195856	37	0.1648	0.005	0.0	56
626	0.088838268792711	0.000000000000000	34.46732242195856	37	0.1645367412140575	0.005	0.0	56
627	0.088838268792711	0.000000000000000	34.46732242195856	37	0.16427432216905902	0.005	0.0	56
628	0.088838268792711	0.000000000000000	34.46732242195856	37	0.16401273885350318	0.005	0.0	56
629	0.084668192219680	0.000000000000000	34.47167464867921	37	0.16534181240063592	0.005	0.0	56
630	0.082191780821918	0.000000000000000	34.53976006626002	37	0.16666666666666666	0.005	0.0	56
631	0.082191780821918	0.000000000000000	34.53976006626002	37	0.1664025356576862	0.005	0.0	56
632	0.082191780821918	0.000000000000000	34.53976006626002	37	0.1661392405063291	0.005	0.0	56
633	0.082191780821918	0.000000000000000	34.53976006626002	37	0.16587677725118483	0.005	0.0	56
634	0.082191780821918	0.000000000000000	34.53976006626002	37	0.16561514195583596	0.005	0.0	56
635	0.092970521541950	0.000000000000000	34.51707534783859	37	0.16692913385826771	0.005	0.0	56
636	0.092970521541950	0.000000000000000	34.51707534783859	37	0.16666666666666666	0.005	0.0	56
637	0.085585585585586	0.000000000000000	35.47616234180931	38	0.16797488226059654	0.005	0.0	56
638	0.085585585585586	0.000000000000000	35.47616234180931	38	0.1677115987460815	0.005	0.0	56
639	0.085585585585586	0.000000000000000	35.47616234180931	38	0.1674491392801252	0.005	0.0	56
640	0.085585585585586	0.000000000000000	35.47616234180931	38	0.1671875	0.005	0.0	56
641	0.085585585585586	0.000000000000000	35.47616234180931	38	0.1669266770670827	0.005	0.0	56
642	0.081081081081081	0.000000000000000	35.465381578198354	38	0.16822429906542055	0.005	0.0	56
643	0.081081081081081	0.000000000000000	35.465381578198354	38	0.16796267496111975	0.005	0.0	56
644	0.081081081081081	0.000000000000000	35.465381578198354	38	0.16770186335403728	0.005	0.0	56
645	0.081081081081081	0.000000000000000	35.465381578198354	38	0.16744186046511628	0.005	0.0	56
646	0.083146067415730	0.000000000000000	35.56593852612372	38	0.16873065015479877	0.005	0.0	56
647	0.083146067415730	0.000000000000000	35.56593852612372	38	0.16846986089644514	0.005	0.0	56
648	0.077981651376147	0.000000000000000	35.54478129837694	38	0.1697530864197531	0.005	0.0	56
649	0.077981651376147	0.000000000000000	35.54478129837694	38	0.1694915254237288	0.005	0.0	56
650	0.077981651376147	0.000000000000000	35.54478129837694	38	0.16923076923076924	0.005	0.0	56
651	0.077981651376147	0.000000000000000	35.54478129837694	38	0.16897081413210446	0.005	0.0	56
652	0.077981651376147	0.000000000000000	35.54478129837694	38	0.1687116564417178	0.005	0.0	56
653	0.077981651376147	0.000000000000000	35.54478129837694	38	0.16845329249617153	0.005	0.0	56
654	0.077981651376147	0.000000000000000	35.54478129837694	38	0.16819571865443425	0.005	0.0	56
655	0.075862068965517	0.000000000000000	36.54478129837694	39	0.16946564885496182	0.005	0.0	56
656	0.075862068965517	0.000000000000000	36.54478129837694	39	0.16920731707317074	0.005	0.0	56
657	0.075862068965517	0.000000000000000	36.54478129837694	39	0.1689497716894977	0.005	0.0	56
658	0.077272727272727	0.000000000000000	36.60571906434136	39	0.1702127659574468	0.005	0.0	56
659	0.081447963800905	0.000000000000000	36.746291148674054	39	0.17147192716236723	0.005	0.0	56
660	0.077625570776256	0.000000000000000	37.6754231497033	40	0.17272727272727273	0.005	0.0	56
661	0.077625570776256	0.000000000000000	37.6754231497033	40	0.17246596066565809	0.005	0.0	56
662	0.077625570776256	0.000000000000000	37.6754231497033	40	0.17220543806646527	0.005	0.0	56
663	0.077625570776256	0.000000000000000	37.6754231497033	40	0.17194570135746606	0.005	0.0	56
664	0.077625570776256	0.000000000000000	37.6754231497033	40	0.1716867469879518	0.005	0.0	56
665	0.077625570776256	0.000000000000000	37.6754231497033	40	0.17142857142857143	0.005	0.0	56
666	0.077625570776256	0.000000000000000	37.6754231497033	40	0.17117117117117117	0.005	0.0	56
667	0.077625570776256	0.000000000000000	37.6754231497033	40	0.17091454272863568	0.005	0.0	56
668	0.077625570776256	0.000000000000000	37.6754231497033	40	0.17065868263473055	0.005	0.0	56
669	0.077625570776256	0.000000000000000	37.6754231497033	40	0.17040358744394618	0.005	0.0	56
670	0.077625570776256	0.000000000000000	37.6754231497033	40	0.1701492537313433	0.005	0.0	56
671	0.077625570776256	0.000000000000000	37.6754231497033	40	0.16989567809239942	0.005	0.0	56
672	0.077625570776256	0.000000000000000	37.6754231497033	40	0.16964285714285715	0.005	0.0	56
673	0.087640449438202	0.000000000000000	37.66743807072679	40	0.17087667161961367	0.005	0.0	56
674	0.087640449438202	0.000000000000000	37.66743807072679	40	0.17062314540059348	0.005	0.0	56
675	0.087640449438202	0.000000000000000	37.66743807072679	40	0.17037037037037037	0.005	0.0	56
676	0.087640449438202	0.000000000000000	37.66743807072679	40	0.17011834319526628	0.005	0.0	56
677	0.087640449438202	0.000000000000000	37.66743807072679	40	0.16986706056129985	0.005	0.0	56
678	0.087640449438202	0.000000000000000	37.66743807072679	40	0.1696165191740413	0.005	0.0	56
679	0.087640449438202	0.000000000000000	37.66743807072679	40	0.16936671575846834	0.005	0.0	56
680	0.087640449438202	0.000000000000000	37.66743807072679	40	0.16911764705882354	0.005	0.0	56
681	0.096330275229358	0.000000000000000	37.67934129653324	40	0.17033773861967694	0.005	0.0	56
682	0.096330275229358	0.000000000000000	37.67934129653324	40	0.17008797653958943	0.005	0.0	56
683	0.096330275229358	0.000000000000000	37.67934129653324	40	0.1698389458272328	0.005	0.0	56
684	0.096330275229358	0.000000000000000	37.67934129653324	40	0.1695906432748538	0.005	0.0	56
685	0.096330275229358	0.000000000000000	37.67934129653324	40	0.16934306569343066	0.005	0.0	56
686	0.092550790067720	0.000000000000000	38.52359026164264	41	0.17055393586005832	0.005	0.0	56
687	0.094594594594595	0.000000000000000	38.47505757508353	41	0.1717612809315866	0.005	0.0	56
688	0.097505668934240	0.000000000000000	38.510685608031615	41	0.17296511627906977	0.005	0.0	56
689	0.104895104895105	0.000000000000000	38.59220724157284	41	0.1741654571843251	0.005	0.0	56
690	0.104895104895105	0.000000000000000	38.59220724157284	41	0.17391304347826086	0.005	0.0	56
691	0.104895104895105	0.000000000000000	38.59220724157284	41	0.1736613603473227	0.005	0.0	56
692	0.104895104895105	0.000000000000000	38.59220724157284	41	0.17341040462427745	0.005	0.0	56
693	0.104895104895105	0.000000000000000	38.59220724157284	41	0.17316017316017315	0.005	0.0	56
694	0.104895104895105	0.000000000000000	38.59220724157284	41	0.1729106628242075	0.005	0.0	56
695	0.102505694760820	0.000000000000000	38.58457365378657	41	0.17410071942446043	0.005	0.0	56
696	0.102505694760820	0.000000000000000	38.58457365378657	41	0.17385057471264367	0.005	0.0	56
697	0.102505694760820	0.000000000000000	38.50968770399459	41	0.1750358680057389	0.005	0.0	56
698	0.101382488479263	0.000000000000000	39.474965481772365	42	0.17621776504297995	0.005	0.0	56
699	0.101382488479263	0.000000000000000	39.474965481772365	42	0.1759656652360515	0.005	0.0	56
700	0.101382488479263	0.000000000000000	39.474965481772365	42	0.1757142857142857	0.005	0.0	56
701	0.101382488479263	0.000000000000000	39.474965481772365	42	0.1754636233951498	0.005	0.0	56
702	0.087155963302752	0.000000000000000	39.42166130359421	42	0.17663817663817663	0.005	0.0	56
703	0.087155963302752	0.000000000000000	39.42166130359421	42	0.1763869132290185	0.005	0.0	56
704	0.087155963302752	0.000000000000000	39.42166130359421	42	0.17613636363636365	0.005	0.0	56
705	0.087155963302752	0.000000000000000	39.42166130359421	42	0.17588652482269504	0.005	0.0	56
706	0.087155963302752	0.000000000000000	39.42166130359421	42	0.17563739376770537	0.005	0.0	56
707	0.087155963302752	0.000000000000000	39.42166130359421	42	0.1753889674681754	0.005	0.0	56
708	0.087155963302752	0.000000000000000	39.42166130359421	42	0.1751412429378531	0.005	0.0	56
709	0.087155963302752	0.000000000000000	39.42166130359421	42	0.17489421720733428	0.005	0.0	56
710	0.087155963302752	0.000000000000000	39.42166130359421	42	0.17464788732394365	0.005	0.0	56
711	0.087155963302752	0.000000000000000	39.42166130359421	42	0.17440225035161744	0.005	0.0	56
712	0.087155963302752	0.000000000000000	39.42166130359421	42	0.17415730337078653	0.005	0.0	56
713	0.088838268792711	0.000000000000000	39.33941003024956	42	0.1753155680224404	0.005	0.0	56
714	0.088838268792711	0.000000000000000	39.33941003024956	42	0.17507002801120447	0.005	0.0	56
715	0.087962962962963	0.000000000000000	39.27357530454642	42	0.17622377622377622	0.005	0.0	56
716	0.087155963302752	0.000000000000000	38.30223707525225	41	0.17737430167597765	0.005	0.0	56
717	0.085057471264368	0.000000000000000	38.28988540810814	41	0.17852161785216178	0.005	0.0	56
718	0.087155963302752	0.000000000000000	38.285735129465564	41	0.1796657381615599	0.005	0.0	56
719	0.087155963302752	0.000000000000000	38.285735129465564	41	0.17941585535465926	0.005	0.0	56
720	0.087155963302752	0.000000000000000	38.285735129465564	41	0.17916666666666667	0.005	0.0	56
721	0.087155963302752	0.000000000000000	38.285735129465564	41	0.17891816920943135	0.005	0.0	56
722	0.087155963302752	0.000000000000000	38.285735129465564	41	0.1786703601108033	0.005	0.0	56
723	0.087155963302752	0.000000000000000	38.285735129465564	41	0.17842323651452283	0.005	0.0	56
724	0.087155963302752	0.000000000000000	38.285735129465564	41	0.1781767955801105	0.005	0.0	56
725	0.087155963302752	0.000000000000000	38.285735129465564	41	0.17793103448275863	0.005	0.0	56
726	0.087155963302752	0.000000000000000	38.285735129465564	41	0.17768595041322313	0.005	0.0	56
727	0.087155963302752	0.000000000000000	38.285735129465564	41	0.17744154057771663	0.005	0.0	56
728	0.087155963302752	0.000000000000000	38.285735129465564	41	0.1771978021978022	0.005	0.0	56
729	0.087155963302752	0.000000000000000	38.285735129465564	41	0.17695473251028807	0.005	0.0	56
730	0.082191780821918	0.000000000000000	38.298086796609674	41	0.1780821917808219	0.005	0.0	56
731	0.082191780821918	0.000000000000000	38.298086796609674	41	0.17783857729138167	0.005	0.0	56
732	0.082191780821918	0.000000000000000	38.298086796609674	41	0.17759562841530055	0.005	0.0	56
733	0.082191780821918	0.000000000000000	38.298086796609674	41	0.17735334242837653	0.005	0.0	56
734	0.082191780821918	0.000000000000000	38.298086796609674	41	0.1771117166212534	0.005	0.0	56
735	0.082191780821918	0.000000000000000	38.298086796609674	41	0.17687074829931973	0.005	0.0	56
736	0.082191780821918	0.000000000000000	38.298086796609674	41	0.1766304347826087	0.005	0.0	56
737	0.082191780821918	0.000000000000000	38.298086796609674	41	0.17639077340569878	0.005	0.0	56
738	0.082191780821918	0.000000000000000	38.298086796609674	41	0.17615176151761516	0.005	0.0	56
739	0.082191780821918	0.000000000000000	38.298086796609674	41	0.17591339648173207	0.005	0.0	56
740	0.088838268792711	0.000000000000000	38.60954130497361	41	0.17702702702702702	0.005	0.0	56
741	0.088838268792711	0.000000000000000	38.60954130497361	41	0.1767881241565452	0.005	0.0	56
742	0.088838268792711	0.000000000000000	38.60954130497361	41	0.1765498652291105	0.005	0.0	56
743	0.088036117381490	0.000000000000000	38.60954130497361	41	0.17765814266487215	0.005	0.0	56
744	0.088036117381490	0.000000000000000	38.60954130497361	41	0.1774193548387097	0.005	0.0	56
745	0.088036117381490	0.000000000000000	38.60954130497361	41	0.17718120805369128	0.005	0.0	56
746	0.077981651376147	0.000000000000000	38.6653683087507	41	0.17828418230563003	0.005	0.0	56
747	0.077981651376147	0.000000000000000	38.6653683087507	41	0.17804551539491298	0.005	0.0	56
748	0.077981651376147	0.000000000000000	38.6653683087507	41	0.17780748663101603	0.005	0.0	56
749	0.077981651376147	0.000000000000000	38.6653683087507	41	0.17757009345794392	0.005	0.0	56
750	0.077981651376147	0.000000000000000	38.6653683087507	41	0.17733333333333334	0.005	0.0	56
751	0.077981651376147	0.000000000000000	38.6653683087507	41	0.17709720372836218	0.005	0.0	56
752	0.077981651376147	0.000000000000000	38.6653683087507	41	0.1768617021276596	0.005	0.0	56
753	0.082191780821918	0.000000000000000	38.43759213474901	41	0.17795484727755645	0.005	0.0	56
754	0.072398190045249	0.000000000000000	38.271968021399594	41	0.17904509283819628	0.005	0.0	56
755	0.072398190045249	0.000000000000000	38.271968021399594	41	0.17880794701986755	0.005	0.0	56
756	0.072398190045249	0.000000000000000	38.271968021399594	41	0.17857142857142858	0.005	0.0	56
757	0.072398190045249	0.000000000000000	38.271968021399594	41	0.178335535006605	0.005	0.0	56
758	0.070294784580499	0.000000000000000	38.10179104319278	41	0.17941952506596306	0.005	0.0	56
759	0.070294784580499	0.000000000000000	38.10179104319278	41	0.17918313570487485	0.005	0.0	56
760	0.070294784580499	0.000000000000000	38.10179104319278	41	0.17894736842105263	0.005	0.0	56
761	0.068493150684932	0.000000000000000	38.14702426332103	41	0.1800262812089356	0.005	0.0	56
762	0.068493150684932	0.000000000000000	38.14702426332103	41	0.17979002624671916	0.005	0.0	56
763	0.068493150684932	0.000000000000000	38.14702426332103	41	0.17955439056356487	0.005	0.0	56
764	0.068493150684932	0.000000000000000	38.14702426332103	41	0.1793193717277487	0.005	0.0	56
765	0.068493150684932	0.000000000000000	38.14702426332103	41	0.17908496732026144	0.005	0.0	56
766	0.068493150684932	0.000000000000000	37.97249839803127	41	0.1801566579634465	0.005	0.0	56
767	0.070615034168565	0.000000000000000	37.95999265090484	41	0.18122555410691005	0.005	0.0	56
768	0.070615034168565	0.000000000000000	37.95999265090484	41	0.18098958333333334	0.005	0.0	56
769	0.070615034168565	0.000000000000000	37.95999265090484	41	0.18075422626788037	0.005	0.0	56
770	0.070615034168565	0.000000000000000	37.95999265090484	41	0.18051948051948052	0.005	0.0	56
771	0.070615034168565	0.000000000000000	37.95999265090484	41	0.18028534370946822	0.005	0.0	56
772	0.070615034168565	0.000000000000000	37.95999265090484	41	0.1800518134715026	0.005	0.0	56
773	0.070615034168565	0.000000000000000	37.95999265090484	41	0.17981888745148772	0.005	0.0	56
774	0.070615034168565	0.000000000000000	37.95999265090484	41	0.17958656330749354	0.005	0.0	56
775	0.070938215102975	0.000000000000000	38.25938752992762	41	0.18064516129032257	0.005	0.0	56
776	0.070938215102975	0.000000000000000	38.25938752992762	41	0.18041237113402062	0.005	0.0	56
777	0.070938215102975	0.000000000000000	38.25938752992762	41	0.18018018018018017	0.005	0.0	56
778	0.070938215102975	0.000000000000000	38.25938752992762	41	0.17994858611825193	0.005	0.0	56
779	0.070938215102975	0.000000000000000	38.25938752992762	41	0.1797175866495507	0.005	0.0	56
780	0.070938215102975	0.000000000000000	38.25938752992762	41	0.1794871794871795	0.005	0.0	56
781	0.070938215102975	0.000000000000000	38.25938752992762	41	0.1792573623559539	0.005	0.0	56
782	0.070938215102975	0.000000000000000	38.25938752992762	41	0.17902813299232737	0.005	0.0	56
783	0.075514874141876	0.000000000000000	39.23959844804176	42	0.18007662835249041	0.005	0.0	56
784	0.075514874141876	0.000000000000000	39.23959844804176	42	0.1798469387755102	0.005	0.0	56
785	0.075514874141876	0.000000000000000	39.23959844804176	42	0.17961783439490445	0.005	0.0	56
786	0.075514874141876	0.000000000000000	39.23959844804176	42	0.17938931297709923	0.005	0.0	56
787	0.075514874141876	0.000000000000000	39.23959844804176	42	0.17916137229987295	0.005	0.0	56
788	0.075514874141876	0.000000000000000	39.23959844804176	42	0.17893401015228427	0.005	0.0	56
789	0.075514874141876	0.000000000000000	39.23959844804176	42	0.17870722433460076	0.005	0.0	56
790	0.075514874141876	0.000000000000000	39.23959844804176	42	0.17848101265822786	0.005	0.0	56
791	0.075514874141876	0.000000000000000	39.23959844804176	42	0.17825537294563842	0.005	0.0	56
792	0.075514874141876	0.000000000000000	39.23959844804176	42	0.17803030303030304	0.005	0.0	56
793	0.075514874141876	0.000000000000000	39.23959844804176	42	0.17780580075662042	0.005	0.0	56
794	0.075514874141876	0.000000000000000	39.23959844804176	42	0.17758186397984888	0.005	0.0	56
795	0.075514874141876	0.000000000000000	39.23959844804176	42	0.17735849056603772	0.005	0.0	56
796	0.075514874141876	0.000000000000000	39.23959844804176	42	0.1771356783919598	0.005	0.0	56
797	0.075514874141876	0.000000000000000	39.23959844804176	42	0.17691342534504392	0.005	0.0	56
798	0.075514874141876	0.000000000000000	39.23959844804176	42	0.17669172932330826	0.005	0.0	56
799	0.075514874141876	0.000000000000000	39.23959844804176	42	0.17647058823529413	0.005	0.0	56
800	0.075514874141876	0.000000000000000	39.23959844804176	42	0.17625	0.005	0.0	56
801	0.075514874141876	0.000000000000000	39.23959844804176	42	0.1760299625468165	0.005	0.0	56
802	0.075514874141876	0.000000000000000	39.23959844804176	42	0.17581047381546136	0.005	0.0	56
803	0.098398169336384	0.000000000000000	39.13904150011639	42	0.17683686176836863	0.005	0.0	56
804	0.098398169336384	0.000000000000000	39.13904150011639	42	0.17661691542288557	0.005	0.0	56
805	0.098398169336384	0.000000000000000	39.13904150011639	42	0.1763975155279503	0.005	0.0	56
806	0.098398169336384	0.000000000000000	39.13904150011639	42	0.1761786600496278	0.005	0.0	56
807	0.097674418604651	0.000000000000000	39.215614067899494	42	0.1771995043370508	0.005	0.0	56
808	0.097674418604651	0.000000000000000	39.215614067899494	42	0.17698019801980197	0.005	0.0	56
809	0.097674418604651	0.000000000000000	39.215614067899494	42	0.17676143386897405	0.005	0.0	56
810	0.097674418604651	0.000000000000000	39.215614067899494	42	0.1765432098765432	0.005	0.0	56
811	0.097674418604651	0.000000000000000	39.215614067899494	42	0.17632552404438964	0.005	0.0	56
812	0.098398169336384	0.000000000000000	39.20837405034793	42	0.17733990147783252	0.005	0.0	56
813	0.098398169336384	0.000000000000000	39.20837405034793	42	0.17712177121771217	0.005	0.0	56
814	0.098398169336384	0.000000000000000	39.20837405034793	42	0.1769041769041769	0.005	0.0	56
815	0.098398169336384	0.000000000000000	39.20837405034793	42	0.17668711656441718	0.005	0.0	56
816	0.083900226757370	0.000000000000000	39.17811606495893	42	0.17769607843137256	0.005	0.0	56
817	0.083900226757370	0.000000000000000	39.17811606495893	42	0.17747858017135862	0.005	0.0	56
818	0.083900226757370	0.000000000000000	39.17811606495893	42	0.17726161369193155	0.005	0.0	56
819	0.083900226757370	0.000000000000000	39.17811606495893	42	0.17704517704517705	0.005	0.0	56
820	0.089244851258581	0.000000000000000	39.208152133003715	42	0.17804878048780487	0.005	0.0	56
821	0.089244851258581	0.000000000000000	39.208152133003715	42	0.17783191230207065	0.005	0.0	56
822	0.089244851258581	0.000000000000000	39.208152133003715	42	0.17761557177615572	0.005	0.0	56
823	0.089244851258581	0.000000000000000	39.208152133003715	42	0.17739975698663427	0.005	0.0	56
824	0.088838268792711	0.000000000000000	39.29265396898903	42	0.1783980582524272	0.005	0.0	56
825	0.088036117381490	0.000000000000000	40.26233566278134	43	0.17939393939393938	0.005	0.0	56
826	0.088036117381490	0.000000000000000	40.26233566278134	43	0.1791767554479419	0.005	0.0	56
827	0.088036117381490	0.000000000000000	40.26233566278134	43	0.17896009673518742	0.005	0.0	56
828	0.088036117381490	0.000000000000000	40.26233566278134	43	0.178743961352657	0.005	0.0	56
829	0.088036117381490	0.000000000000000	40.26233566278134	43	0.17852834740651388	0.005	0.0	56
830	0.088036117381490	0.000000000000000	40.26233566278134	43	0.1783132530120482	0.005	0.0	56
831	0.088036117381490	0.000000000000000	40.26233566278134	43	0.17809867629362214	0.005	0.0	56
832	0.088036117381490	0.000000000000000	40.26233566278134	43	0.1778846153846154	0.005	0.0	56
833	0.088036117381490	0.000000000000000	40.26233566278134	43	0.17767106842737096	0.005	0.0	56
834	0.088036117381490	0.000000000000000	40.26233566278134	43	0.1774580335731415	0.005	0.0	56
835	0.088036117381490	0.000000000000000	40.26233566278134	43	0.17724550898203592	0.005	0.0	56
836	0.088036117381490	0.000000000000000	40.26233566278134	43	0.17703349282296652	0.005	0.0	56
837	0.088036117381490	0.000000000000000	40.26233566278134	43	0.1768219832735962	0.005	0.0	56
838	0.088036117381490	0.000000000000000	40.26233566278134	43	0.1766109785202864	0.005	0.0	56
839	0.088036117381490	0.000000000000000	40.26233566278134	43	0.1764004767580453	0.005	0.0	56
840	0.088036117381490	0.000000000000000	40.26233566278134	43	0.1761904761904762	0.005	0.0	56
841	0.088036117381490	0.000000000000000	40.26233566278134	43	0.1759809750297265	0.005	0.0	56
842	0.088036117381490	0.000000000000000	40.26233566278134	43	0.17577197149643706	0.005	0.0	56
843	0.088036117381490	0.000000000000000	40.26233566278134	43	0.17556346381969157	0.005	0.0	56
844	0.088036117381490	0.000000000000000	40.26233566278134	43	0.17535545023696683	0.005	0.0	56
845	0.088036117381490	0.000000000000000	40.26233566278134	43	0.17514792899408285	0.005	0.0	56
846	0.088036117381490	0.000000000000000	40.26233566278134	43	0.17494089834515367	0.005	0.0	56
847	0.088036117381490	0.000000000000000	40.26233566278134	43	0.17473435655253838	0.005	0.0	56
848	0.088036117381490	0.000000000000000	40.26233566278134	43	0.17452830188679244	0.005	0.0	56
849	0.088036117381490	0.000000000000000	40.26233566278134	43	0.17432273262661954	0.005	0.0	56
850	0.088036117381490	0.000000000000000	40.26233566278134	43	0.17411764705882352	0.005	0.0	56
851	0.088036117381490	0.000000000000000	40.26233566278134	43	0.17391304347826086	0.005	0.0	56
852	0.088036117381490	0.000000000000000	40.26233566278134	43	0.17370892018779344	0.005	0.0	56
853	0.088036117381490	0.000000000000000	40.26233566278134	43	0.1735052754982415	0.005	0.0	56
854	0.088036117381490	0.000000000000000	40.26233566278134	43	0.17330210772833723	0.005	0.0	56
855	0.088036117381490	0.000000000000000	40.26233566278134	43	0.17309941520467836	0.005	0.0	56
856	0.088036117381490	0.000000000000000	40.26233566278134	43	0.17289719626168223	0.005	0.0	56
857	0.088036117381490	0.000000000000000	40.26233566278134	43	0.17269544924154026	0.005	0.0	56
858	0.088036117381490	0.000000000000000	40.26233566278134	43	0.17249417249417248	0.005	0.0	56
859	0.088036117381490	0.000000000000000	40.26233566278134	43	0.17229336437718276	0.005	0.0	56
860	0.088036117381490	0.000000000000000	40.26233566278134	43	0.17209302325581396	0.005	0.0	56
861	0.088036117381490	0.000000000000000	40.26233566278134	43	0.1718931475029036	0.005	0.0	56
862	0.088036117381490	0.000000000000000	40.26233566278134	43	0.1716937354988399	0.005	0.0	56
863	0.090090090090090	0.000000000000000	40.358892610706704	43	0.17265353418308227	0.005	0.0	56
864	0.091722595078300	0.000000000000000	40.40720784323247	43	0.1736111111111111	0.005	0.0	56
865	0.091722595078300	0.000000000000000	40.40720784323247	43	0.17341040462427745	0.005	0.0	56
866	0.091722595078300	0.000000000000000	40.40720784323247	43	0.17321016166281755	0.005	0.0	56
867	0.091722595078300	0.000000000000000	40.40720784323247	43	0.17301038062283736	0.005	0.0	56
868	0.091722595078300	0.000000000000000	40.40720784323247	43	0.1728110599078341	0.005	0.0	56
869	0.083146067415730	0.000000000000000	41.16672201327295	44	0.17376294591484465	0.005	0.0	56
870	0.083146067415730	0.000000000000000	41.16672201327295	44	0.1735632183908046	0.005	0.0	56
871	0.083146067415730	0.000000000000000	41.16672201327295	44	0.17336394948335246	0.005	0.0	56
872	0.082774049217002	0.000000000000000	41.18853596676132	44	0.1743119266055046	0.005	0.0	56
873	0.082774049217002	0.000000000000000	41.18853596676132	44	0.17411225658648338	0.005	0.0	56
874	0.082774049217002	0.000000000000000	41.18853596676132	44	0.17391304347826086	0.005	0.0	56
875	0.082774049217002	0.000000000000000	41.18853596676132	44	0.1737142857142857	0.005	0.0	56
876	0.085585585585586	0.000000000000000	42.179102004497175	45	0.17465753424657535	0.005	0.0	56
877	0.094594594594595	0.000000000000000	42.23711938838242	45	0.17559863169897377	0.005	0.0	56
878	0.094594594594595	0.000000000000000	42.23711938838242	45	0.17539863325740318	0.005	0.0	56
879	0.096196868008949	0.000000000000000	42.25615470276657	45	0.17633674630261661	0.005	0.0	56
880	0.096196868008949	0.000000000000000	42.25615470276657	45	0.17613636363636365	0.005	0.0	56
881	0.086092715231788	0.000000000000000	42.2449119733014	45	0.17707150964812712	0.005	0.0	56
882	0.086092715231788	0.000000000000000	42.2449119733014	45	0.17687074829931973	0.005	0.0	56
883	0.086092715231788	0.000000000000000	42.2449119733014	45	0.17667044167610418	0.005	0.0	56
884	0.086092715231788	0.000000000000000	42.2449119733014	45	0.17647058823529413	0.005	0.0	56
885	0.084444444444444	0.000000000000000	41.85003411672141	45	0.17740112994350282	0.005	0.0	56
886	0.084444444444444	0.000000000000000	41.85003411672141	45	0.17720090293453725	0.005	0.0	56
887	0.084444444444444	0.000000000000000	41.85003411672141	45	0.17700112739571588	0.005	0.0	56
888	0.084444444444444	0.000000000000000	41.85003411672141	45	0.1768018018018018	0.005	0.0	56
889	0.084444444444444	0.000000000000000	41.85003411672141	45	0.1766029246344207	0.005	0.0	56
890	0.084444444444444	0.000000000000000	41.85003411672141	45	0.17640449438202246	0.005	0.0	56
891	0.084444444444444	0.000000000000000	41.85003411672141	45	0.17620650953984288	0.005	0.0	56
892	0.084444444444444	0.000000000000000	41.85003411672141	45	0.17600896860986548	0.005	0.0	56
893	0.084444444444444	0.000000000000000	41.85003411672141	45	0.17581187010078386	0.005	0.0	56
894	0.084444444444444	0.000000000000000	41.85003411672141	45	0.1756152125279642	0.005	0.0	56
895	0.084444444444444	0.000000000000000	41.85003411672141	45	0.17541899441340783	0.005	0.0	56
896	0.084444444444444	0.000000000000000	41.85003411672141	45	0.17522321428571427	0.005	0.0	56
897	0.084444444444444	0.000000000000000	41.85003411672141	45	0.1750278706800446	0.005	0.0	56
898	0.084444444444444	0.000000000000000	41.85003411672141	45	0.17483296213808464	0.005	0.0	56
899	0.092920353982301	0.000000000000000	42.8303037547416	46	0.1757508342602892	0.005	0.0	56
900	0.093333333333333	0.000000000000000	42.801763388298006	46	0.17666666666666667	0.005	0.0	56
901	0.093333333333333	0.000000000000000	42.801763388298006	46	0.17647058823529413	0.005	0.0	56
902	0.093333333333333	0.000000000000000	42.801763388298006	46	0.1762749445676275	0.005	0.0	56
903	0.088888888888889	0.000000000000000	42.80974846727452	46	0.17718715393134	0.005	0.0	56
904	0.088888888888889	0.000000000000000	42.80974846727452	46	0.17699115044247787	0.005	0.0	56
905	0.091722595078300	0.000000000000000	42.80245415005653	46	0.17790055248618786	0.005	0.0	56
906	0.091722595078300	0.000000000000000	42.80245415005653	46	0.17770419426048564	0.005	0.0	56
907	0.091722595078300	0.000000000000000	42.80245415005653	46	0.17750826901874311	0.005	0.0	56
908	0.091722595078300	0.000000000000000	42.80245415005653	46	0.17731277533039647	0.005	0.0	56
909	0.091722595078300	0.000000000000000	42.80245415005653	46	0.1771177117711771	0.005	0.0	56
910	0.095454545454545	0.000000000000000	42.800538984784865	46	0.17802197802197803	0.005	0.0	56
911	0.092970521541950	0.000000000000000	42.852780700184475	46	0.17892425905598244	0.005	0.0	56
912	0.092970521541950	0.000000000000000	42.852780700184475	46	0.1787280701754386	0.005	0.0	56
913	0.092970521541950	0.000000000000000	42.852780700184475	46	0.17853231106243153	0.005	0.0	56
914	0.092970521541950	0.000000000000000	42.852780700184475	46	0.17833698030634573	0.005	0.0	56
915	0.092970521541950	0.000000000000000	42.852780700184475	46	0.17814207650273223	0.005	0.0	56
916	0.092970521541950	0.000000000000000	42.852780700184475	46	0.1779475982532751	0.005	0.0	56
917	0.095022624434389	0.000000000000000	42.83560614792572	46	0.17884405670665213	0.005	0.0	56
918	0.095022624434389	0.000000000000000	42.83560614792572	46	0.1786492374727669	0.005	0.0	56
919	0.095022624434389	0.000000000000000	42.83560614792572	46	0.17845484221980412	0.005	0.0	56
920	0.095022624434389	0.000000000000000	42.83560614792572	46	0.1782608695652174	0.005	0.0	56
921	0.095022624434389	0.000000000000000	42.83560614792572	46	0.1780673181324647	0.005	0.0	56
922	0.095022624434389	0.000000000000000	42.83560614792572	46	0.17787418655097614	0.005	0.0	56
923	0.091743119266055	0.000000000000000	42.84460948726564	46	0.17876489707475623	0.005	0.0	56
924	0.091743119266055	0.000000000000000	42.84460948726564	46	0.17857142857142858	0.005	0.0	56
925	0.091743119266055	0.000000000000000	42.84460948726564	46	0.1783783783783784	0.005	0.0	56
926	0.084282460136674	0.000000000000000	42.840609487265645	46	0.17926565874730022	0.005	0.0	56
927	0.085972850678733	0.000000000000000	41.860339849245456	45	0.18015102481121897	0.005	0.0	56
928	0.085972850678733	0.000000000000000	41.860339849245456	45	0.17995689655172414	0.005	0.0	56
929	0.085972850678733	0.000000000000000	41.860339849245456	45	0.1797631862217438	0.005	0.0	56
930	0.085972850678733	0.000000000000000	41.860339849245456	45	0.17956989247311828	0.005	0.0	56
931	0.085972850678733	0.000000000000000	41.860339849245456	45	0.17937701396348013	0.005	0.0	56
932	0.085972850678733	0.000000000000000	41.746465254238785	45	0.18025751072961374	0.005	0.0	56
933	0.090090090090090	0.000000000000000	41.740395340533944	45	0.18113612004287247	0.005	0.0	56
934	0.088435374149660	0.000000000000000	41.831724480995156	45	0.18201284796573874	0.005	0.0	56
935	0.088435374149660	0.000000000000000	41.831724480995156	45	0.18181818181818182	0.005	0.0	56
936	0.090090090090090	0.000000000000000	41.84231305145901	45	0.18269230769230768	0.005	0.0	56
937	0.087640449438202	0.000000000000000	42.0248219105448	45	0.18356456776947705	0.005	0.0	56
938	0.087640449438202	0.000000000000000	42.0248219105448	45	0.18336886993603413	0.005	0.0	56
939	0.087640449438202	0.000000000000000	41.89773264636004	45	0.18423855165069222	0.005	0.0	56
940	0.087640449438202	0.000000000000000	41.89773264636004	45	0.18404255319148935	0.005	0.0	56
941	0.087640449438202	0.000000000000000	41.89773264636004	45	0.18384697130712008	0.005	0.0	56
942	0.087640449438202	0.000000000000000	41.89773264636004	45	0.18365180467091294	0.005	0.0	56
943	0.096196868008949	0.000000000000000	42.804224894422056	46	0.18451749734888653	0.005	0.0	56
944	0.096196868008949	0.000000000000000	42.804224894422056	46	0.1843220338983051	0.005	0.0	56
945	0.096196868008949	0.000000000000000	42.804224894422056	46	0.18412698412698414	0.005	0.0	56
946	0.098654708520179	0.000000000000000	42.78415192725379	46	0.1849894291754757	0.005	0.0	56
947	0.098654708520179	0.000000000000000	42.78415192725379	46	0.18479408658922913	0.005	0.0	56
948	0.098654708520179	0.000000000000000	42.78415192725379	46	0.18459915611814345	0.005	0.0	56
949	0.098654708520179	0.000000000000000	42.78415192725379	46	0.18440463645943098	0.005	0.0	56
950	0.098654708520179	0.000000000000000	42.78415192725379	46	0.18421052631578946	0.005	0.0	56
951	0.098654708520179	0.000000000000000	42.78415192725379	46	0.18401682439537329	0.005	0.0	56
952	0.098654708520179	0.000000000000000	42.78415192725379	46	0.18382352941176472	0.005	0.0	56
953	0.098654708520179	0.000000000000000	42.78415192725379	46	0.18363064008394545	0.005	0.0	56
954	0.098654708520179	0.000000000000000	42.78415192725379	46	0.18343815513626835	0.005	0.0	56
955	0.092920353982301	0.000000000000000	42.79374187434374	46	0.18429319371727748	0.005	0.0	56
956	0.092920353982301	0.000000000000000	42.79374187434374	46	0.18410041841004185	0.005	0.0	56
957	0.092920353982301	0.000000000000000	42.79374187434374	46	0.1839080459770115	0.005	0.0	56
958	0.092920353982301	0.000000000000000	42.79374187434374	46	0.1837160751565762	0.005	0.0	56
959	0.092920353982301	0.000000000000000	42.79374187434374	46	0.1835245046923879	0.005	0.0	56
960	0.092920353982301	0.000000000000000	42.79374187434374	46	0.18333333333333332	0.005	0.0	56
961	0.092920353982301	0.000000000000000	42.79374187434374	46	0.18314255983350677	0.005	0.0	56
962	0.092920353982301	0.000000000000000	42.79374187434374	46	0.18295218295218296	0.005	0.0	56
963	0.092920353982301	0.000000000000000	42.79374187434374	46	0.18276220145379024	0.005	0.0	56
964	0.092920353982301	0.000000000000000	42.79374187434374	46	0.1825726141078838	0.005	0.0	56
965	0.092920353982301	0.000000000000000	42.79374187434374	46	0.18238341968911917	0.005	0.0	56
966	0.092920353982301	0.000000000000000	42.79374187434374	46	0.18219461697722567	0.005	0.0	56
967	0.093750000000000	0.000000000000000	42.79634536583107	46	0.18304033092037228	0.005	0.0	56
968	0.093750000000000	0.000000000000000	42.79634536583107	46	0.1828512396694215	0.005	0.0	56
969	0.096629213483146	0.000000000000000	42.58162550409983	46	0.18369453044375644	0.005	0.0	56
970	0.096629213483146	0.000000000000000	42.58162550409983	46	0.18350515463917524	0.005	0.0	56
971	0.092134831460674	0.000000000000000	42.60581905248693	46	0.184346035015448	0.005	0.0	56
972	0.096629213483146	0.000000000000000	42.60251958605607	46	0.18518518518518517	0.005	0.0	56
973	0.096629213483146	0.000000000000000	42.60251958605607	46	0.18499486125385406	0.005	0.0	56
974	0.085972850678733	0.000000000000000	42.58431118626872	46	0.18583162217659138	0.005	0.0	56
975	0.092134831460674	0.000000000000000	42.577206551184524	46	0.18666666666666668	0.005	0.0	56
976	0.092134831460674	0.000000000000000	42.577206551184524	46	0.1864754098360656	0.005	0.0	56
977	0.092134831460674	0.000000000000000	42.577206551184524	46	0.1862845445240532	0.005	0.0	56
978	0.092134831460674	0.000000000000000	42.577206551184524	46	0.18609406952965235	0.005	0.0	56
979	0.092134831460674	0.000000000000000	42.577206551184524	46	0.18590398365679264	0.005	0.0	56
980	0.092134831460674	0.000000000000000	42.577206551184524	46	0.18571428571428572	0.005	0.0	56
981	0.092134831460674	0.000000000000000	42.577206551184524	46	0.18552497451580022	0.005	0.0	56
982	0.092134831460674	0.000000000000000	42.577206551184524	46	0.18533604887983707	0.005	0.0	56
983	0.092134831460674	0.000000000000000	42.577206551184524	46	0.18514750762970497	0.005	0.0	56
984	0.099099099099099	0.000000000000000	42.541578518236435	46	0.18597560975609756	0.005	0.0	56
985	0.094594594594595	0.000000000000000	42.541578518236435	46	0.18680203045685279	0.005	0.0	56
986	0.094594594594595	0.000000000000000	42.597405522013524	46	0.1876267748478702	0.005	0.0	56
987	0.088036117381490	0.000000000000000	42.597405522013524	46	0.1884498480243161	0.005	0.0	56
988	0.085585585585586	0.000000000000000	42.984861310310485	46	0.18927125506072875	0.005	0.0	56
989	0.085585585585586	0.000000000000000	42.984861310310485	46	0.1890798786653185	0.005	0.0	56
990	0.085585585585586	0.000000000000000	42.984861310310485	46	0.18888888888888888	0.005	0.0	56
991	0.085585585585586	0.000000000000000	42.984861310310485	46	0.18869828456104945	0.005	0.0	56
992	0.085585585585586	0.000000000000000	42.984861310310485	46	0.18850806451612903	0.005	0.0	56
993	0.085585585585586	0.000000000000000	42.984861310310485	46	0.18831822759315206	0.005	0.0	56
994	0.089686098654709	0.000000000000000	42.91507372956775	46	0.1891348088531187	0.005	0.0	56
995	0.089686098654709	0.000000000000000	42.91507372956775	46	0.18894472361809045	0.005	0.0	56
996	0.089686098654709	0.000000000000000	42.91507372956775	46	0.18875502008032127	0.005	0.0	56
997	0.089686098654709	0.000000000000000	42.91507372956775	46	0.18856569709127383	0.005	0.0	56
998	0.092550790067720	0.000000000000000	43.15285133831117	46	0.18937875751503006	0.005	0.0	56
999	0.092550790067720	0.000000000000000	43.15285133831117	46	0.1891891891891892	0.005	0.0	56
1000	0.092550790067720	0.000000000000000	43.15285133831117	46	0.189	0.005	0.0	56
