0	0.000000000000000	0.000000000000000	0.0	0	0.0	0.01	0.0	56
1	0.000000000000000	0.000000000000000	0.0	0	0.0	0.01	0.0	56
2	0.000000000000000	0.000000000000000	0.0	0	0.0	0.01	0.0	56
3	0.000000000000000	0.000000000000000	0.0	0	0.0	0.01	0.0	56
4	0.000000000000000	0.000000000000000	0.0	0	0.0	0.01	0.0	56
5	0.000000000000000	0.000000000000000	0.0	0	0.0	0.01	0.0	56
6	0.009049773755656	0.000000000000000	0.7951558285025542	1	0.16666666666666666	0.01	0.0	56
7	0.009049773755656	0.000000000000000	0.7951558285025542	1	0.14285714285714285	0.01	0.0	56
8	0.006802721088435	0.000000000000000	1.7951558285025542	2	0.25	0.01	0.0	56
9	0.006802721088435	0.000000000000000	1.7951558285025542	2	0.2222222222222222	0.01	0.0	56
10	0.013636363636364	0.000000000000000	2.778804818401544	3	0.3	0.01	0.0	56
11	0.013636363636364	0.000000000000000	2.778804818401544	3	0.2727272727272727	0.01	0.0	56
12	0.013636363636364	0.000000000000000	2.778804818401544	3	0.25	0.01	0.0	56
13	0.020224719101124	0.000000000000000	3.7377913805516	4	0.3076923076923077	0.01	0.0	56
14	0.024830699774266	0.000000000000000	4.492753212612669	5	0.35714285714285715	0.01	0.0	56
15	0.024830699774266	0.000000000000000	5.4640914419068345	6	0.4	0.01	0.0	56
16	0.029345372460497	0.000000000000000	6.0692135853268505	7	0.4375	0.01	0.0	56
17	0.029345372460497	0.000000000000000	7.035586781707384	8	0.47058823529411764	0.01	0.0	56
18	0.024830699774266	0.000000000000000	6.993701638136847	8	0.5	0.01	0.0	56
19	0.024830699774266	0.000000000000000	6.993701638136847	8	0.47368421052631576	0.01	0.0	56
20	0.022624434389140	0.000000000000000	6.934502627857961	8	0.5	0.01	0.0	56
21	0.022624434389140	0.000000000000000	6.934502627857961	8	0.47619047619047616	0.01	0.0	56
22	0.022624434389140	0.000000000000000	6.934502627857961	8	0.45454545454545453	0.01	0.0	56
23	0.022727272727273	0.000000000000000	7.922765067665345	9	0.4782608695652174	0.01	0.0	56
24	0.022727272727273	0.000000000000000	7.922765067665345	9	0.4583333333333333	0.01	0.0	56
25	0.029478458049887	0.000000000000000	8.8954000803511	10	0.48	0.01	0.0	56
26	0.047404063205418	0.000000000000000	9.8954000803511	11	0.5	0.01	0.0	56
27	0.058823529411765	0.000000000000000	10.870471508922531	12	0.5185185185185185	0.01	0.0	56
28	0.058823529411765	0.000000000000000	10.870471508922531	12	0.5	0.01	0.0	56
29	0.058823529411765	0.000000000000000	10.870471508922531	12	0.4827586206896552	0.01	0.0	56
30	0.058823529411765	0.000000000000000	10.870471508922531	12	0.4666666666666667	0.01	0.0	56
31	0.058823529411765	0.000000000000000	10.870471508922531	12	0.45161290322580644	0.01	0.0	56
32	0.041095890410959	0.000000000000000	10.870471508922531	12	0.46875	0.01	0.0	56
33	0.041095890410959	0.000000000000000	10.870471508922531	12	0.45454545454545453	0.01	0.0	56
34	0.041095890410959	0.000000000000000	10.870471508922531	12	0.4411764705882353	0.01	0.0	56
35	0.041095890410959	0.000000000000000	10.870471508922531	12	0.42857142857142855	0.01	0.0	56
36	0.041095890410959	0.000000000000000	10.870471508922531	12	0.4166666666666667	0.01	0.0	56
37	0.041095890410959	0.000000000000000	10.870471508922531	12	0.40540540540540543	0.01	0.0	56
38	0.041095890410959	0.000000000000000	10.870471508922531	12	0.39473684210526316	0.01	0.0	56
39	0.041095890410959	0.000000000000000	10.870471508922531	12	0.38461538461538464	0.01	0.0	56
40	0.041095890410959	0.000000000000000	10.870471508922531	12	0.375	0.01	0.0	56
41	0.041095890410959	0.000000000000000	10.870471508922531	12	0.36585365853658536	0.01	0.0	56
42	0.041095890410959	0.000000000000000	10.870471508922531	12	0.35714285714285715	0.01	0.0	56
43	0.041095890410959	0.000000000000000	10.870471508922531	12	0.3488372093023256	0.01	0.0	56
44	0.041095890410959	0.000000000000000	10.870471508922531	12	0.3409090909090909	0.01	0.0	56
45	0.041095890410959	0.000000000000000	10.870471508922531	12	0.3333333333333333	0.01	0.0	56
46	0.041095890410959	0.000000000000000	10.870471508922531	12	0.32608695652173914	0.01	0.0	56
47	0.041095890410959	0.000000000000000	10.870471508922531	12	0.3191489361702128	0.01	0.0	56
48	0.041095890410959	0.000000000000000	10.870471508922531	12	0.3125	0.01	0.0	56
49	0.041095890410959	0.000000000000000	10.870471508922531	12	0.30612244897959184	0.01	0.0	56
50	0.029478458049887	0.000000000000000	11.84015320271484	13	0.32	0.01	0.0	56
51	0.034168564920273	0.000000000000000	11.772262948808962	13	0.3333333333333333	0.01	0.0	56
52	0.034168564920273	0.000000000000000	11.772262948808962	13	0.3269230769230769	0.01	0.0	56
53	0.029478458049887	0.000000000000000	11.642896639454275	13	0.33962264150943394	0.01	0.0	56
54	0.029478458049887	0.000000000000000	11.642896639454275	13	0.3333333333333333	0.01	0.0	56
55	0.038548752834467	0.000000000000000	12.191245696058049	14	0.34545454545454546	0.01	0.0	56
56	0.034013605442177	0.000000000000000	13.169629154704666	15	0.35714285714285715	0.01	0.0	56
57	0.034013605442177	0.000000000000000	13.169629154704666	15	0.3508771929824561	0.01	0.0	56
58	0.034013605442177	0.000000000000000	13.169629154704666	15	0.3448275862068966	0.01	0.0	56
59	0.034013605442177	0.000000000000000	13.169629154704666	15	0.3389830508474576	0.01	0.0	56
60	0.038548752834467	0.000000000000000	13.130594244745721	15	0.35	0.01	0.0	56
61	0.038548752834467	0.000000000000000	13.130594244745721	15	0.3442622950819672	0.01	0.0	56
62	0.031674208144796	0.000000000000000	13.93698522218933	16	0.3548387096774194	0.01	0.0	56
63	0.029345372460497	0.000000000000000	14.91135044334682	17	0.36507936507936506	0.01	0.0	56
64	0.036529680365297	0.000000000000000	15.91135044334682	18	0.375	0.01	0.0	56
65	0.036529680365297	0.000000000000000	15.91135044334682	18	0.36923076923076925	0.01	0.0	56
66	0.036529680365297	0.000000000000000	16.049028277995433	18	0.3787878787878788	0.01	0.0	56
67	0.036529680365297	0.000000000000000	16.049028277995433	18	0.373134328358209	0.01	0.0	56
68	0.036529680365297	0.000000000000000	16.049028277995433	18	0.36764705882352944	0.01	0.0	56
69	0.036529680365297	0.000000000000000	16.049028277995433	18	0.36231884057971014	0.01	0.0	56
70	0.036529680365297	0.000000000000000	16.049028277995433	18	0.35714285714285715	0.01	0.0	56
71	0.045662100456621	0.000000000000000	16.061917691516243	18	0.36619718309859156	0.01	0.0	56
72	0.045662100456621	0.000000000000000	17.042882377132088	19	0.375	0.01	0.0	56
73	0.045662100456621	0.000000000000000	17.042882377132088	19	0.3698630136986301	0.01	0.0	56
74	0.045662100456621	0.000000000000000	17.042882377132088	19	0.36486486486486486	0.01	0.0	56
75	0.045662100456621	0.000000000000000	17.042882377132088	19	0.36	0.01	0.0	56
76	0.045662100456621	0.000000000000000	17.042882377132088	19	0.35526315789473684	0.01	0.0	56
77	0.045662100456621	0.000000000000000	17.042882377132088	19	0.35064935064935066	0.01	0.0	56
78	0.045662100456621	0.000000000000000	17.042882377132088	19	0.34615384615384615	0.01	0.0	56
79	0.045662100456621	0.000000000000000	17.042882377132088	19	0.34177215189873417	0.01	0.0	56
80	0.060402684563758	0.000000000000000	18.01604738006808	20	0.35	0.01	0.0	56
81	0.051685393258427	0.000000000000000	18.99336266164665	21	0.35802469135802467	0.01	0.0	56
82	0.051685393258427	0.000000000000000	18.99336266164665	21	0.35365853658536583	0.01	0.0	56
83	0.051685393258427	0.000000000000000	18.99336266164665	21	0.3493975903614458	0.01	0.0	56
84	0.051685393258427	0.000000000000000	18.99336266164665	21	0.34523809523809523	0.01	0.0	56
85	0.051685393258427	0.000000000000000	18.99336266164665	21	0.3411764705882353	0.01	0.0	56
86	0.051685393258427	0.000000000000000	18.99336266164665	21	0.3372093023255814	0.01	0.0	56
87	0.051685393258427	0.000000000000000	18.99336266164665	21	0.3333333333333333	0.01	0.0	56
88	0.051685393258427	0.000000000000000	18.99336266164665	21	0.32954545454545453	0.01	0.0	56
89	0.051685393258427	0.000000000000000	18.99336266164665	21	0.3258426966292135	0.01	0.0	56
90	0.051685393258427	0.000000000000000	18.99336266164665	21	0.32222222222222224	0.01	0.0	56
91	0.051685393258427	0.000000000000000	18.99336266164665	21	0.31868131868131866	0.01	0.0	56
92	0.051685393258427	0.000000000000000	18.99336266164665	21	0.31521739130434784	0.01	0.0	56
93	0.051685393258427	0.000000000000000	18.99336266164665	21	0.3118279569892473	0.01	0.0	56
94	0.051685393258427	0.000000000000000	18.99336266164665	21	0.30851063829787234	0.01	0.0	56
95	0.065759637188209	0.000000000000000	19.98061729632495	22	0.3157894736842105	0.01	0.0	56
96	0.065759637188209	0.000000000000000	19.98061729632495	22	0.3125	0.01	0.0	56
97	0.063636363636364	0.000000000000000	20.931603251779627	23	0.31958762886597936	0.01	0.0	56
98	0.063636363636364	0.000000000000000	20.931603251779627	23	0.3163265306122449	0.01	0.0	56
99	0.063636363636364	0.000000000000000	20.931603251779627	23	0.31313131313131315	0.01	0.0	56
100	0.063636363636364	0.000000000000000	20.931603251779627	23	0.31	0.01	0.0	56
101	0.063636363636364	0.000000000000000	20.931603251779627	23	0.3069306930693069	0.01	0.0	56
102	0.065759637188209	0.000000000000000	21.68656508384069	24	0.3137254901960784	0.01	0.0	56
103	0.065759637188209	0.000000000000000	21.68656508384069	24	0.3106796116504854	0.01	0.0	56
104	0.070294784580499	0.000000000000000	21.56840035383386	24	0.3173076923076923	0.01	0.0	56
105	0.070294784580499	0.000000000000000	21.56840035383386	24	0.3142857142857143	0.01	0.0	56
106	0.074074074074074	0.000000000000000	21.3345008114685	24	0.32075471698113206	0.01	0.0	56
107	0.082568807339450	0.000000000000000	21.32491086437856	24	0.32710280373831774	0.01	0.0	56
108	0.080831408775982	0.000000000000000	22.32491086437856	25	0.3333333333333333	0.01	0.0	56
109	0.080831408775982	0.000000000000000	22.32491086437856	25	0.3302752293577982	0.01	0.0	56
110	0.068807339449541	0.000000000000000	22.27672758382924	25	0.33636363636363636	0.01	0.0	56
111	0.068807339449541	0.000000000000000	22.27672758382924	25	0.3333333333333333	0.01	0.0	56
112	0.068807339449541	0.000000000000000	22.27672758382924	25	0.33035714285714285	0.01	0.0	56
113	0.068807339449541	0.000000000000000	22.27672758382924	25	0.3274336283185841	0.01	0.0	56
114	0.081818181818182	0.000000000000000	22.132132605818175	25	0.3333333333333333	0.01	0.0	56
115	0.059090909090909	0.000000000000000	22.219764090398616	25	0.3391304347826087	0.01	0.0	56
116	0.063063063063063	0.000000000000000	22.167522374999006	25	0.3448275862068966	0.01	0.0	56
117	0.063063063063063	0.000000000000000	22.167522374999006	25	0.3418803418803419	0.01	0.0	56
118	0.061224489795918	0.000000000000000	22.153432743256705	25	0.3474576271186441	0.01	0.0	56
119	0.061224489795918	0.000000000000000	22.153432743256705	25	0.3445378151260504	0.01	0.0	56
120	0.061224489795918	0.000000000000000	22.153432743256705	25	0.3416666666666667	0.01	0.0	56
121	0.061946902654867	0.000000000000000	22.17150594349869	25	0.34710743801652894	0.01	0.0	56
122	0.061946902654867	0.000000000000000	22.17150594349869	25	0.3442622950819672	0.01	0.0	56
123	0.063636363636364	0.000000000000000	22.164800927141	25	0.34959349593495936	0.01	0.0	56
124	0.063636363636364	0.000000000000000	22.164800927141	25	0.3467741935483871	0.01	0.0	56
125	0.063636363636364	0.000000000000000	22.164800927141	25	0.344	0.01	0.0	56
126	0.058558558558559	0.000000000000000	22.337733257968065	25	0.3492063492063492	0.01	0.0	56
127	0.058558558558559	0.000000000000000	22.337733257968065	25	0.3464566929133858	0.01	0.0	56
128	0.051685393258427	0.000000000000000	22.418199575276486	25	0.3515625	0.01	0.0	56
129	0.051685393258427	0.000000000000000	22.418199575276486	25	0.3488372093023256	0.01	0.0	56
130	0.051685393258427	0.000000000000000	22.418199575276486	25	0.34615384615384615	0.01	0.0	56
131	0.051918735891648	0.000000000000000	23.365704140096934	26	0.3511450381679389	0.01	0.0	56
132	0.051918735891648	0.000000000000000	23.365704140096934	26	0.3484848484848485	0.01	0.0	56
133	0.051918735891648	0.000000000000000	23.365704140096934	26	0.3458646616541353	0.01	0.0	56
134	0.049549549549550	0.000000000000000	23.38577710726521	26	0.35074626865671643	0.01	0.0	56
135	0.058558558558559	0.000000000000000	23.761619649461043	26	0.35555555555555557	0.01	0.0	56
136	0.058558558558559	0.000000000000000	23.761619649461043	26	0.35294117647058826	0.01	0.0	56
137	0.058558558558559	0.000000000000000	23.761619649461043	26	0.35036496350364965	0.01	0.0	56
138	0.060948081264108	0.000000000000000	24.757619649461045	27	0.35507246376811596	0.01	0.0	56
139	0.060948081264108	0.000000000000000	24.757619649461045	27	0.35251798561151076	0.01	0.0	56
140	0.063348416289593	0.000000000000000	24.757619649461045	27	0.35714285714285715	0.01	0.0	56
141	0.060948081264108	0.000000000000000	24.545609350522536	27	0.3617021276595745	0.01	0.0	56
142	0.060948081264108	0.000000000000000	24.545609350522536	27	0.3591549295774648	0.01	0.0	56
143	0.060948081264108	0.000000000000000	24.545609350522536	27	0.35664335664335667	0.01	0.0	56
144	0.054054054054054	0.000000000000000	24.360907427445614	27	0.3611111111111111	0.01	0.0	56
145	0.054054054054054	0.000000000000000	24.360907427445614	27	0.3586206896551724	0.01	0.0	56
146	0.054054054054054	0.000000000000000	24.360907427445614	27	0.3561643835616438	0.01	0.0	56
147	0.054054054054054	0.000000000000000	24.360907427445614	27	0.35374149659863946	0.01	0.0	56
148	0.054054054054054	0.000000000000000	24.360907427445614	27	0.35135135135135137	0.01	0.0	56
149	0.054054054054054	0.000000000000000	24.360907427445614	27	0.348993288590604	0.01	0.0	56
150	0.054054054054054	0.000000000000000	24.360907427445614	27	0.3466666666666667	0.01	0.0	56
151	0.054054054054054	0.000000000000000	24.360907427445614	27	0.3443708609271523	0.01	0.0	56
152	0.051685393258427	0.000000000000000	25.320459732410153	28	0.34868421052631576	0.01	0.0	56
153	0.047619047619048	0.000000000000000	25.3275056475883	28	0.35294117647058826	0.01	0.0	56
154	0.047619047619048	0.000000000000000	25.3275056475883	28	0.35064935064935066	0.01	0.0	56
155	0.047619047619048	0.000000000000000	25.3275056475883	28	0.34838709677419355	0.01	0.0	56
156	0.047619047619048	0.000000000000000	25.3275056475883	28	0.34615384615384615	0.01	0.0	56
157	0.047619047619048	0.000000000000000	25.3275056475883	28	0.34394904458598724	0.01	0.0	56
158	0.047619047619048	0.000000000000000	25.3275056475883	28	0.34177215189873417	0.01	0.0	56
159	0.047619047619048	0.000000000000000	25.3275056475883	28	0.33962264150943394	0.01	0.0	56
160	0.047619047619048	0.000000000000000	25.3275056475883	28	0.3375	0.01	0.0	56
161	0.047619047619048	0.000000000000000	25.3275056475883	28	0.33540372670807456	0.01	0.0	56
162	0.047619047619048	0.000000000000000	25.3275056475883	28	0.3333333333333333	0.01	0.0	56
163	0.047619047619048	0.000000000000000	25.45843860765216	28	0.3374233128834356	0.01	0.0	56
164	0.047619047619048	0.000000000000000	25.45843860765216	28	0.3353658536585366	0.01	0.0	56
165	0.051685393258427	0.000000000000000	25.70407571021013	28	0.3393939393939394	0.01	0.0	56
166	0.083521444695260	0.000000000000000	25.716546637938617	28	0.3433734939759036	0.01	0.0	56
167	0.083521444695260	0.000000000000000	25.716546637938617	28	0.3413173652694611	0.01	0.0	56
168	0.063636363636364	0.000000000000000	25.716219236012375	28	0.34523809523809523	0.01	0.0	56
169	0.063636363636364	0.000000000000000	25.716219236012375	28	0.3431952662721893	0.01	0.0	56
170	0.063636363636364	0.000000000000000	25.716219236012375	28	0.3411764705882353	0.01	0.0	56
171	0.063636363636364	0.000000000000000	25.716219236012375	28	0.3391812865497076	0.01	0.0	56
172	0.063636363636364	0.000000000000000	25.716219236012375	28	0.3372093023255814	0.01	0.0	56
173	0.063636363636364	0.000000000000000	25.716219236012375	28	0.3352601156069364	0.01	0.0	56
174	0.063636363636364	0.000000000000000	25.716219236012375	28	0.3333333333333333	0.01	0.0	56
175	0.063636363636364	0.000000000000000	25.716219236012375	28	0.3314285714285714	0.01	0.0	56
176	0.066666666666667	0.000000000000000	25.735704395540413	28	0.3352272727272727	0.01	0.0	56
177	0.066666666666667	0.000000000000000	25.735704395540413	28	0.3333333333333333	0.01	0.0	56
178	0.066666666666667	0.000000000000000	25.735704395540413	28	0.33146067415730335	0.01	0.0	56
179	0.066666666666667	0.000000000000000	25.735704395540413	28	0.329608938547486	0.01	0.0	56
180	0.066666666666667	0.000000000000000	25.735704395540413	28	0.3277777777777778	0.01	0.0	56
181	0.066666666666667	0.000000000000000	25.735704395540413	28	0.3259668508287293	0.01	0.0	56
182	0.066666666666667	0.000000000000000	25.735704395540413	28	0.3241758241758242	0.01	0.0	56
183	0.047619047619048	0.000000000000000	25.710374913525005	28	0.32786885245901637	0.01	0.0	56
184	0.047619047619048	0.000000000000000	25.710374913525005	28	0.32608695652173914	0.01	0.0	56
185	0.047619047619048	0.000000000000000	25.710374913525005	28	0.32432432432432434	0.01	0.0	56
186	0.047619047619048	0.000000000000000	25.710374913525005	28	0.3225806451612903	0.01	0.0	56
187	0.047619047619048	0.000000000000000	25.710374913525005	28	0.32085561497326204	0.01	0.0	56
188	0.047619047619048	0.000000000000000	25.710374913525005	28	0.3191489361702128	0.01	0.0	56
189	0.047619047619048	0.000000000000000	25.710374913525005	28	0.31746031746031744	0.01	0.0	56
190	0.047619047619048	0.000000000000000	25.710374913525005	28	0.3157894736842105	0.01	0.0	56
191	0.047619047619048	0.000000000000000	25.710374913525005	28	0.31413612565445026	0.01	0.0	56
192	0.047619047619048	0.000000000000000	25.710374913525005	28	0.3125	0.01	0.0	56
193	0.047619047619048	0.000000000000000	25.710374913525005	28	0.31088082901554404	0.01	0.0	56
194	0.047619047619048	0.000000000000000	25.710374913525005	28	0.30927835051546393	0.01	0.0	56
195	0.047619047619048	0.000000000000000	25.710374913525005	28	0.3076923076923077	0.01	0.0	56
196	0.047619047619048	0.000000000000000	25.710374913525005	28	0.30612244897959184	0.01	0.0	56
197	0.047619047619048	0.000000000000000	25.710374913525005	28	0.30456852791878175	0.01	0.0	56
198	0.047619047619048	0.000000000000000	25.710374913525005	28	0.30303030303030304	0.01	0.0	56
199	0.047619047619048	0.000000000000000	25.710374913525005	28	0.3015075376884422	0.01	0.0	56
200	0.047619047619048	0.000000000000000	25.710374913525005	28	0.3	0.01	0.0	56
201	0.047619047619048	0.000000000000000	25.710374913525005	28	0.29850746268656714	0.01	0.0	56
202	0.047619047619048	0.000000000000000	25.710374913525005	28	0.297029702970297	0.01	0.0	56
203	0.047619047619048	0.000000000000000	25.710374913525005	28	0.2955665024630542	0.01	0.0	56
204	0.047619047619048	0.000000000000000	25.710374913525005	28	0.29411764705882354	0.01	0.0	56
205	0.047619047619048	0.000000000000000	25.710374913525005	28	0.2926829268292683	0.01	0.0	56
206	0.047619047619048	0.000000000000000	25.710374913525005	28	0.2912621359223301	0.01	0.0	56
207	0.047619047619048	0.000000000000000	25.710374913525005	28	0.2898550724637681	0.01	0.0	56
208	0.047619047619048	0.000000000000000	25.710374913525005	28	0.28846153846153844	0.01	0.0	56
209	0.047619047619048	0.000000000000000	25.710374913525005	28	0.28708133971291866	0.01	0.0	56
210	0.047619047619048	0.000000000000000	25.710374913525005	28	0.2857142857142857	0.01	0.0	56
211	0.047619047619048	0.000000000000000	25.710374913525005	28	0.2843601895734597	0.01	0.0	56
212	0.047619047619048	0.000000000000000	25.710374913525005	28	0.2830188679245283	0.01	0.0	56
213	0.047619047619048	0.000000000000000	25.710374913525005	28	0.28169014084507044	0.01	0.0	56
214	0.047619047619048	0.000000000000000	25.710374913525005	28	0.2803738317757009	0.01	0.0	56
215	0.047619047619048	0.000000000000000	25.710374913525005	28	0.27906976744186046	0.01	0.0	56
216	0.047619047619048	0.000000000000000	25.710374913525005	28	0.2777777777777778	0.01	0.0	56
217	0.047619047619048	0.000000000000000	25.710374913525005	28	0.2764976958525346	0.01	0.0	56
218	0.047619047619048	0.000000000000000	25.710374913525005	28	0.27522935779816515	0.01	0.0	56
219	0.047619047619048	0.000000000000000	25.710374913525005	28	0.273972602739726	0.01	0.0	56
220	0.061503416856492	0.000000000000000	25.718009538859437	28	0.2772727272727273	0.01	0.0	56
221	0.061503416856492	0.000000000000000	25.718009538859437	28	0.27601809954751133	0.01	0.0	56
222	0.061503416856492	0.000000000000000	25.718009538859437	28	0.2747747747747748	0.01	0.0	56
223	0.061503416856492	0.000000000000000	25.718009538859437	28	0.273542600896861	0.01	0.0	56
224	0.061503416856492	0.000000000000000	25.718009538859437	28	0.27232142857142855	0.01	0.0	56
225	0.052154195011338	0.000000000000000	25.689467028737983	28	0.27555555555555555	0.01	0.0	56
226	0.052154195011338	0.000000000000000	25.689467028737983	28	0.2743362831858407	0.01	0.0	56
227	0.052154195011338	0.000000000000000	25.689467028737983	28	0.27312775330396477	0.01	0.0	56
228	0.052154195011338	0.000000000000000	26.666782310316545	29	0.27631578947368424	0.01	0.0	56
229	0.052154195011338	0.000000000000000	26.666782310316545	29	0.27510917030567683	0.01	0.0	56
230	0.052154195011338	0.000000000000000	26.666782310316545	29	0.27391304347826084	0.01	0.0	56
231	0.052154195011338	0.000000000000000	26.685580138351046	29	0.27705627705627706	0.01	0.0	56
232	0.052154195011338	0.000000000000000	26.685580138351046	29	0.27586206896551724	0.01	0.0	56
233	0.052154195011338	0.000000000000000	26.685580138351046	29	0.27467811158798283	0.01	0.0	56
234	0.052154195011338	0.000000000000000	26.685580138351046	29	0.27350427350427353	0.01	0.0	56
235	0.052154195011338	0.000000000000000	26.69962209380012	29	0.2765957446808511	0.01	0.0	56
236	0.052154195011338	0.000000000000000	26.69962209380012	29	0.2754237288135593	0.01	0.0	56
237	0.061503416856492	0.000000000000000	26.714657408184276	29	0.27848101265822783	0.01	0.0	56
238	0.061503416856492	0.000000000000000	26.714657408184276	29	0.2773109243697479	0.01	0.0	56
239	0.061503416856492	0.000000000000000	26.714657408184276	29	0.27615062761506276	0.01	0.0	56
240	0.063636363636364	0.000000000000000	26.85925238619534	29	0.2791666666666667	0.01	0.0	56
241	0.063636363636364	0.000000000000000	26.85925238619534	29	0.27800829875518673	0.01	0.0	56
242	0.065759637188209	0.000000000000000	26.869191739295072	29	0.2809917355371901	0.01	0.0	56
243	0.065759637188209	0.000000000000000	26.869191739295072	29	0.27983539094650206	0.01	0.0	56
244	0.057208237986270	0.000000000000000	26.9188145934819	29	0.2827868852459016	0.01	0.0	56
245	0.045454545454545	0.000000000000000	27.034935067888892	29	0.2857142857142857	0.01	0.0	56
246	0.047619047619048	0.000000000000000	27.022464140160405	29	0.2886178861788618	0.01	0.0	56
247	0.049773755656109	0.000000000000000	26.062911835195866	28	0.291497975708502	0.01	0.0	56
248	0.054054054054054	0.000000000000000	26.094545422982126	28	0.29435483870967744	0.01	0.0	56
249	0.060133630289532	0.000000000000000	26.14307810954123	28	0.2971887550200803	0.01	0.0	56
250	0.051454138702461	0.000000000000000	26.1356560412582	28	0.3	0.01	0.0	56
251	0.067873303167421	0.000000000000000	25.83655320003838	28	0.30278884462151395	0.01	0.0	56
252	0.054545454545455	0.000000000000000	26.810918421195872	29	0.3055555555555556	0.01	0.0	56
253	0.047835990888383	0.000000000000000	27.130358008536312	29	0.308300395256917	0.01	0.0	56
254	0.047835990888383	0.000000000000000	27.130358008536312	29	0.30708661417322836	0.01	0.0	56
255	0.047835990888383	0.000000000000000	27.130358008536312	29	0.3058823529411765	0.01	0.0	56
256	0.047835990888383	0.000000000000000	27.130358008536312	29	0.3046875	0.01	0.0	56
257	0.047835990888383	0.000000000000000	27.130358008536312	29	0.3035019455252918	0.01	0.0	56
258	0.047835990888383	0.000000000000000	27.130358008536312	29	0.3023255813953488	0.01	0.0	56
259	0.047835990888383	0.000000000000000	27.130358008536312	29	0.30115830115830117	0.01	0.0	56
260	0.047835990888383	0.000000000000000	27.130358008536312	29	0.3	0.01	0.0	56
261	0.047835990888383	0.000000000000000	27.130358008536312	29	0.2988505747126437	0.01	0.0	56
262	0.047835990888383	0.000000000000000	27.130358008536312	29	0.29770992366412213	0.01	0.0	56
263	0.047835990888383	0.000000000000000	27.130358008536312	29	0.2965779467680608	0.01	0.0	56
264	0.047835990888383	0.000000000000000	27.130358008536312	29	0.29545454545454547	0.01	0.0	56
265	0.049549549549550	0.000000000000000	27.130358008536312	29	0.2981132075471698	0.01	0.0	56
266	0.047404063205418	0.000000000000000	28.04519707018389	30	0.3007518796992481	0.01	0.0	56
267	0.070294784580499	0.000000000000000	28.250041241681338	30	0.30337078651685395	0.01	0.0	56
268	0.065759637188209	0.000000000000000	28.24992198109696	30	0.30597014925373134	0.01	0.0	56
269	0.065759637188209	0.000000000000000	28.24992198109696	30	0.3048327137546468	0.01	0.0	56
270	0.069977426636569	0.000000000000000	29.17886934951801	31	0.3074074074074074	0.01	0.0	56
271	0.069351230425056	0.000000000000000	30.084253037746215	32	0.30996309963099633	0.01	0.0	56
272	0.086757990867580	0.000000000000000	30.104929729475536	32	0.3125	0.01	0.0	56
273	0.092970521541950	0.000000000000000	30.108929729475534	32	0.315018315018315	0.01	0.0	56
274	0.092970521541950	0.000000000000000	30.108929729475534	32	0.31386861313868614	0.01	0.0	56
275	0.054298642533937	0.000000000000000	29.13576472653954	31	0.31636363636363635	0.01	0.0	56
276	0.051918735891648	0.000000000000000	29.14559533754983	31	0.3188405797101449	0.01	0.0	56
277	0.051918735891648	0.000000000000000	29.14559533754983	31	0.3176895306859206	0.01	0.0	56
278	0.051918735891648	0.000000000000000	29.14559533754983	31	0.31654676258992803	0.01	0.0	56
279	0.051918735891648	0.000000000000000	29.14559533754983	31	0.3154121863799283	0.01	0.0	56
280	0.051918735891648	0.000000000000000	29.14559533754983	31	0.3142857142857143	0.01	0.0	56
281	0.051918735891648	0.000000000000000	29.14559533754983	31	0.31316725978647686	0.01	0.0	56
282	0.051918735891648	0.000000000000000	29.14559533754983	31	0.3120567375886525	0.01	0.0	56
283	0.051918735891648	0.000000000000000	29.14559533754983	31	0.31095406360424027	0.01	0.0	56
284	0.051918735891648	0.000000000000000	29.14559533754983	31	0.30985915492957744	0.01	0.0	56
285	0.051918735891648	0.000000000000000	29.14559533754983	31	0.3087719298245614	0.01	0.0	56
286	0.051918735891648	0.000000000000000	29.14559533754983	31	0.3076923076923077	0.01	0.0	56
287	0.051918735891648	0.000000000000000	29.14559533754983	31	0.30662020905923343	0.01	0.0	56
288	0.051918735891648	0.000000000000000	29.14559533754983	31	0.3055555555555556	0.01	0.0	56
289	0.051918735891648	0.000000000000000	29.14559533754983	31	0.3044982698961938	0.01	0.0	56
290	0.051918735891648	0.000000000000000	29.14559533754983	31	0.30344827586206896	0.01	0.0	56
291	0.051918735891648	0.000000000000000	29.14559533754983	31	0.3024054982817869	0.01	0.0	56
292	0.051918735891648	0.000000000000000	29.14559533754983	31	0.3013698630136986	0.01	0.0	56
293	0.082774049217002	0.000000000000000	29.334297260626748	31	0.3037542662116041	0.01	0.0	56
294	0.087640449438202	0.000000000000000	30.2932838227768	32	0.30612244897959184	0.01	0.0	56
295	0.082039911308204	0.000000000000000	31.233968868725007	33	0.30847457627118646	0.01	0.0	56
296	0.082039911308204	0.000000000000000	31.233968868725007	33	0.30743243243243246	0.01	0.0	56
297	0.082039911308204	0.000000000000000	31.233968868725007	33	0.3063973063973064	0.01	0.0	56
298	0.082039911308204	0.000000000000000	31.233968868725007	33	0.3053691275167785	0.01	0.0	56
299	0.082039911308204	0.000000000000000	31.233968868725007	33	0.30434782608695654	0.01	0.0	56
300	0.075555555555556	0.000000000000000	31.219879236982706	33	0.30666666666666664	0.01	0.0	56
301	0.075555555555556	0.000000000000000	31.219879236982706	33	0.30564784053156147	0.01	0.0	56
302	0.075555555555556	0.000000000000000	31.219879236982706	33	0.304635761589404	0.01	0.0	56
303	0.075555555555556	0.000000000000000	31.219879236982706	33	0.30363036303630364	0.01	0.0	56
304	0.075555555555556	0.000000000000000	31.219879236982706	33	0.3026315789473684	0.01	0.0	56
305	0.075555555555556	0.000000000000000	31.219879236982706	33	0.3016393442622951	0.01	0.0	56
306	0.075555555555556	0.000000000000000	31.219879236982706	33	0.3006535947712418	0.01	0.0	56
307	0.075555555555556	0.000000000000000	31.219879236982706	33	0.2996742671009772	0.01	0.0	56
308	0.075555555555556	0.000000000000000	31.219879236982706	33	0.2987012987012987	0.01	0.0	56
309	0.075555555555556	0.000000000000000	31.219879236982706	33	0.2977346278317152	0.01	0.0	56
310	0.075555555555556	0.000000000000000	31.219879236982706	33	0.2967741935483871	0.01	0.0	56
311	0.075555555555556	0.000000000000000	31.219879236982706	33	0.2958199356913183	0.01	0.0	56
312	0.075555555555556	0.000000000000000	31.219879236982706	33	0.2948717948717949	0.01	0.0	56
313	0.075555555555556	0.000000000000000	31.219879236982706	33	0.2939297124600639	0.01	0.0	56
314	0.075555555555556	0.000000000000000	31.219879236982706	33	0.2929936305732484	0.01	0.0	56
315	0.075555555555556	0.000000000000000	31.219879236982706	33	0.2920634920634921	0.01	0.0	56
316	0.075555555555556	0.000000000000000	31.219879236982706	33	0.2911392405063291	0.01	0.0	56
317	0.075555555555556	0.000000000000000	31.219879236982706	33	0.2902208201892745	0.01	0.0	56
318	0.074157303370787	0.000000000000000	31.219879236982706	33	0.29245283018867924	0.01	0.0	56
319	0.074157303370787	0.000000000000000	31.219879236982706	33	0.29153605015673983	0.01	0.0	56
320	0.062500000000000	0.000000000000000	31.20084392259855	33	0.29375	0.01	0.0	56
321	0.062500000000000	0.000000000000000	31.20084392259855	33	0.29283489096573206	0.01	0.0	56
322	0.062500000000000	0.000000000000000	31.20084392259855	33	0.2919254658385093	0.01	0.0	56
323	0.062500000000000	0.000000000000000	31.20084392259855	33	0.29102167182662536	0.01	0.0	56
324	0.062500000000000	0.000000000000000	31.20084392259855	33	0.29012345679012347	0.01	0.0	56
325	0.062500000000000	0.000000000000000	31.20084392259855	33	0.28923076923076924	0.01	0.0	56
326	0.062500000000000	0.000000000000000	31.20084392259855	33	0.2883435582822086	0.01	0.0	56
327	0.062500000000000	0.000000000000000	31.20084392259855	33	0.2874617737003058	0.01	0.0	56
328	0.062500000000000	0.000000000000000	31.20084392259855	33	0.2865853658536585	0.01	0.0	56
329	0.062500000000000	0.000000000000000	31.20084392259855	33	0.2857142857142857	0.01	0.0	56
330	0.062500000000000	0.000000000000000	31.20084392259855	33	0.28484848484848485	0.01	0.0	56
331	0.062500000000000	0.000000000000000	31.20084392259855	33	0.283987915407855	0.01	0.0	56
332	0.062500000000000	0.000000000000000	31.20084392259855	33	0.28313253012048195	0.01	0.0	56
333	0.062500000000000	0.000000000000000	31.20084392259855	33	0.2822822822822823	0.01	0.0	56
334	0.062500000000000	0.000000000000000	31.20084392259855	33	0.281437125748503	0.01	0.0	56
335	0.062500000000000	0.000000000000000	31.20084392259855	33	0.28059701492537314	0.01	0.0	56
336	0.062500000000000	0.000000000000000	31.20084392259855	33	0.27976190476190477	0.01	0.0	56
337	0.062500000000000	0.000000000000000	31.20084392259855	33	0.2789317507418398	0.01	0.0	56
338	0.062500000000000	0.000000000000000	31.20084392259855	33	0.2781065088757396	0.01	0.0	56
339	0.062500000000000	0.000000000000000	31.20084392259855	33	0.27728613569321536	0.01	0.0	56
340	0.062500000000000	0.000000000000000	31.20084392259855	33	0.27647058823529413	0.01	0.0	56
341	0.062500000000000	0.000000000000000	31.20084392259855	33	0.2756598240469208	0.01	0.0	56
342	0.062500000000000	0.000000000000000	31.20084392259855	33	0.27485380116959063	0.01	0.0	56
343	0.062500000000000	0.000000000000000	31.20084392259855	33	0.27405247813411077	0.01	0.0	56
344	0.067264573991031	0.000000000000000	31.181808608214403	33	0.2761627906976744	0.01	0.0	56
345	0.067264573991031	0.000000000000000	31.181808608214403	33	0.2753623188405797	0.01	0.0	56
346	0.067264573991031	0.000000000000000	31.181808608214403	33	0.2745664739884393	0.01	0.0	56
347	0.067264573991031	0.000000000000000	31.181808608214403	33	0.2737752161383285	0.01	0.0	56
348	0.067264573991031	0.000000000000000	31.181808608214403	33	0.27298850574712646	0.01	0.0	56
349	0.067264573991031	0.000000000000000	31.181808608214403	33	0.2722063037249284	0.01	0.0	56
350	0.067264573991031	0.000000000000000	31.181808608214403	33	0.2714285714285714	0.01	0.0	56
351	0.067264573991031	0.000000000000000	31.181808608214403	33	0.2706552706552707	0.01	0.0	56
352	0.074492099322799	0.000000000000000	31.178325299070714	33	0.2727272727272727	0.01	0.0	56
353	0.074492099322799	0.000000000000000	31.178325299070714	33	0.2719546742209632	0.01	0.0	56
354	0.074492099322799	0.000000000000000	31.178325299070714	33	0.2711864406779661	0.01	0.0	56
355	0.076233183856502	0.000000000000000	31.263486237423137	33	0.27323943661971833	0.01	0.0	56
356	0.076233183856502	0.000000000000000	31.263486237423137	33	0.27247191011235955	0.01	0.0	56
357	0.076233183856502	0.000000000000000	31.263486237423137	33	0.27170868347338933	0.01	0.0	56
358	0.076233183856502	0.000000000000000	31.263486237423137	33	0.2709497206703911	0.01	0.0	56
359	0.089686098654709	0.000000000000000	31.300173868450393	33	0.27298050139275765	0.01	0.0	56
360	0.089686098654709	0.000000000000000	31.300173868450393	33	0.2722222222222222	0.01	0.0	56
361	0.089686098654709	0.000000000000000	31.300173868450393	33	0.27146814404432135	0.01	0.0	56
362	0.089686098654709	0.000000000000000	31.300173868450393	33	0.27071823204419887	0.01	0.0	56
363	0.089686098654709	0.000000000000000	31.300173868450393	33	0.2699724517906336	0.01	0.0	56
364	0.089686098654709	0.000000000000000	31.300173868450393	33	0.2692307692307692	0.01	0.0	56
365	0.089686098654709	0.000000000000000	31.300173868450393	33	0.2684931506849315	0.01	0.0	56
366	0.089686098654709	0.000000000000000	31.300173868450393	33	0.2677595628415301	0.01	0.0	56
367	0.089686098654709	0.000000000000000	31.300173868450393	33	0.2670299727520436	0.01	0.0	56
368	0.089686098654709	0.000000000000000	31.300173868450393	33	0.266304347826087	0.01	0.0	56
369	0.089686098654709	0.000000000000000	31.300173868450393	33	0.26558265582655827	0.01	0.0	56
370	0.080000000000000	0.000000000000000	31.249225838192018	33	0.26756756756756755	0.01	0.0	56
371	0.080000000000000	0.000000000000000	31.249225838192018	33	0.2668463611859838	0.01	0.0	56
372	0.080000000000000	0.000000000000000	31.249225838192018	33	0.2661290322580645	0.01	0.0	56
373	0.074492099322799	0.000000000000000	31.28738373292886	33	0.2680965147453083	0.01	0.0	56
374	0.074492099322799	0.000000000000000	31.28738373292886	33	0.26737967914438504	0.01	0.0	56
375	0.074492099322799	0.000000000000000	31.28738373292886	33	0.26666666666666666	0.01	0.0	56
376	0.074492099322799	0.000000000000000	31.28738373292886	33	0.26595744680851063	0.01	0.0	56
377	0.071748878923767	0.000000000000000	31.26504842051721	33	0.26790450928381965	0.01	0.0	56
378	0.071748878923767	0.000000000000000	31.26504842051721	33	0.2671957671957672	0.01	0.0	56
379	0.071748878923767	0.000000000000000	31.26504842051721	33	0.26649076517150394	0.01	0.0	56
380	0.071748878923767	0.000000000000000	31.26504842051721	33	0.2657894736842105	0.01	0.0	56
381	0.071748878923767	0.000000000000000	31.270097380125534	33	0.2677165354330709	0.01	0.0	56
382	0.069042316258352	0.000000000000000	31.515135548064464	33	0.2696335078534031	0.01	0.0	56
383	0.071111111111111	0.000000000000000	31.55423959749622	33	0.27154046997389036	0.01	0.0	56
384	0.071111111111111	0.000000000000000	31.55423959749622	33	0.2708333333333333	0.01	0.0	56
385	0.071111111111111	0.000000000000000	31.55423959749622	33	0.2701298701298701	0.01	0.0	56
386	0.071111111111111	0.000000000000000	31.55423959749622	33	0.2694300518134715	0.01	0.0	56
387	0.071111111111111	0.000000000000000	31.55423959749622	33	0.268733850129199	0.01	0.0	56
388	0.071111111111111	0.000000000000000	31.55423959749622	33	0.26804123711340205	0.01	0.0	56
389	0.071111111111111	0.000000000000000	31.55423959749622	33	0.26735218508997427	0.01	0.0	56
390	0.084821428571429	0.000000000000000	32.55423959749622	34	0.2692307692307692	0.01	0.0	56
391	0.059866962305987	0.000000000000000	32.55772290663991	34	0.2710997442455243	0.01	0.0	56
392	0.059866962305987	0.000000000000000	32.539649706397924	34	0.2729591836734694	0.01	0.0	56
393	0.059866962305987	0.000000000000000	32.539649706397924	34	0.272264631043257	0.01	0.0	56
394	0.060133630289532	0.000000000000000	32.540849924619415	34	0.27411167512690354	0.01	0.0	56
395	0.060133630289532	0.000000000000000	32.55988523900356	34	0.2759493670886076	0.01	0.0	56
396	0.060133630289532	0.000000000000000	32.55988523900356	34	0.27525252525252525	0.01	0.0	56
397	0.060133630289532	0.000000000000000	32.55988523900356	34	0.27455919395465994	0.01	0.0	56
398	0.060133630289532	0.000000000000000	32.55988523900356	34	0.27386934673366836	0.01	0.0	56
399	0.060133630289532	0.000000000000000	32.55988523900356	34	0.2731829573934837	0.01	0.0	56
400	0.071748878923767	0.000000000000000	32.59314744032169	34	0.275	0.01	0.0	56
401	0.071748878923767	0.000000000000000	32.59314744032169	34	0.2743142144638404	0.01	0.0	56
402	0.076233183856502	0.000000000000000	32.631324078498324	34	0.27611940298507465	0.01	0.0	56
403	0.076233183856502	0.000000000000000	32.631324078498324	34	0.27543424317617865	0.01	0.0	56
404	0.076233183856502	0.000000000000000	32.631324078498324	34	0.2747524752475248	0.01	0.0	56
405	0.074492099322799	0.000000000000000	32.62272747415704	34	0.2765432098765432	0.01	0.0	56
406	0.074492099322799	0.000000000000000	32.62272747415704	34	0.27586206896551724	0.01	0.0	56
407	0.071111111111111	0.000000000000000	33.604208955638526	35	0.27764127764127766	0.01	0.0	56
408	0.071111111111111	0.000000000000000	33.604208955638526	35	0.2769607843137255	0.01	0.0	56
409	0.069662921348315	0.000000000000000	32.604208955638526	34	0.2787286063569682	0.01	0.0	56
410	0.071111111111111	0.000000000000000	32.623244270022674	34	0.2804878048780488	0.01	0.0	56
411	0.071111111111111	0.000000000000000	32.623244270022674	34	0.2798053527980535	0.01	0.0	56
412	0.071111111111111	0.000000000000000	32.623244270022674	34	0.279126213592233	0.01	0.0	56
413	0.064301552106430	0.000000000000000	32.63601566210441	34	0.28087167070217917	0.01	0.0	56
414	0.062222222222222	0.000000000000000	33.61628530012461	35	0.2826086956521739	0.01	0.0	56
415	0.062222222222222	0.000000000000000	33.61628530012461	35	0.2819277108433735	0.01	0.0	56
416	0.064301552106430	0.000000000000000	33.58465171233835	35	0.28365384615384615	0.01	0.0	56
417	0.066666666666667	0.000000000000000	34.5436382744884	36	0.2853717026378897	0.01	0.0	56
418	0.066666666666667	0.000000000000000	34.5436382744884	36	0.284688995215311	0.01	0.0	56
419	0.066666666666667	0.000000000000000	34.5436382744884	36	0.2840095465393795	0.01	0.0	56
420	0.066666666666667	0.000000000000000	34.5436382744884	36	0.2833333333333333	0.01	0.0	56
421	0.066666666666667	0.000000000000000	34.5436382744884	36	0.2826603325415677	0.01	0.0	56
422	0.064301552106430	0.000000000000000	34.561877708087756	36	0.2843601895734597	0.01	0.0	56
423	0.064301552106430	0.000000000000000	34.561877708087756	36	0.28368794326241137	0.01	0.0	56
424	0.064301552106430	0.000000000000000	34.561877708087756	36	0.2830188679245283	0.01	0.0	56
425	0.064301552106430	0.000000000000000	34.561877708087756	36	0.2823529411764706	0.01	0.0	56
426	0.064301552106430	0.000000000000000	34.561877708087756	36	0.28169014084507044	0.01	0.0	56
427	0.064301552106430	0.000000000000000	34.561877708087756	36	0.2810304449648712	0.01	0.0	56
428	0.064301552106430	0.000000000000000	34.561877708087756	36	0.2803738317757009	0.01	0.0	56
429	0.064301552106430	0.000000000000000	34.561877708087756	36	0.27972027972027974	0.01	0.0	56
430	0.064301552106430	0.000000000000000	34.561877708087756	36	0.27906976744186046	0.01	0.0	56
431	0.064301552106430	0.000000000000000	34.561877708087756	36	0.27842227378190254	0.01	0.0	56
432	0.064301552106430	0.000000000000000	34.561877708087756	36	0.2777777777777778	0.01	0.0	56
433	0.064876957494407	0.000000000000000	33.580396226606275	35	0.279445727482679	0.01	0.0	56
434	0.069351230425056	0.000000000000000	33.74181191015936	35	0.28110599078341014	0.01	0.0	56
435	0.074157303370787	0.000000000000000	33.770352253265195	35	0.2827586206896552	0.01	0.0	56
436	0.074157303370787	0.000000000000000	33.770352253265195	35	0.28211009174311924	0.01	0.0	56
437	0.074157303370787	0.000000000000000	33.578341418395	35	0.2837528604118993	0.01	0.0	56
438	0.074157303370787	0.000000000000000	33.578341418395	35	0.2831050228310502	0.01	0.0	56
439	0.074157303370787	0.000000000000000	33.578341418395	35	0.2824601366742597	0.01	0.0	56
440	0.074157303370787	0.000000000000000	33.578341418395	35	0.2818181818181818	0.01	0.0	56
441	0.074157303370787	0.000000000000000	33.578341418395	35	0.2811791383219955	0.01	0.0	56
442	0.074492099322799	0.000000000000000	33.57740156877094	35	0.2828054298642534	0.01	0.0	56
443	0.074492099322799	0.000000000000000	33.57740156877094	35	0.28216704288939054	0.01	0.0	56
444	0.069977426636569	0.000000000000000	33.52798078922698	35	0.28378378378378377	0.01	0.0	56
445	0.069977426636569	0.000000000000000	33.52798078922698	35	0.28314606741573034	0.01	0.0	56
446	0.069977426636569	0.000000000000000	33.52798078922698	35	0.2825112107623318	0.01	0.0	56
447	0.069977426636569	0.000000000000000	33.52798078922698	35	0.28187919463087246	0.01	0.0	56
448	0.079726651480638	0.000000000000000	33.53175074783135	35	0.28348214285714285	0.01	0.0	56
449	0.079726651480638	0.000000000000000	33.53175074783135	35	0.2828507795100223	0.01	0.0	56
450	0.079726651480638	0.000000000000000	33.53175074783135	35	0.2822222222222222	0.01	0.0	56
451	0.079726651480638	0.000000000000000	33.53175074783135	35	0.28159645232815966	0.01	0.0	56
452	0.079726651480638	0.000000000000000	33.53175074783135	35	0.2809734513274336	0.01	0.0	56
453	0.067264573991031	0.000000000000000	33.52845128140049	35	0.282560706401766	0.01	0.0	56
454	0.066059225512528	0.000000000000000	33.448108755013024	35	0.2841409691629956	0.01	0.0	56
455	0.066059225512528	0.000000000000000	33.448108755013024	35	0.2835164835164835	0.01	0.0	56
456	0.066059225512528	0.000000000000000	33.448108755013024	35	0.28289473684210525	0.01	0.0	56
457	0.066059225512528	0.000000000000000	33.448108755013024	35	0.28227571115973743	0.01	0.0	56
458	0.066059225512528	0.000000000000000	33.448108755013024	35	0.2816593886462882	0.01	0.0	56
459	0.066059225512528	0.000000000000000	33.448108755013024	35	0.28104575163398693	0.01	0.0	56
460	0.066059225512528	0.000000000000000	33.448108755013024	35	0.28043478260869564	0.01	0.0	56
461	0.066059225512528	0.000000000000000	33.448108755013024	35	0.279826464208243	0.01	0.0	56
462	0.066059225512528	0.000000000000000	33.448108755013024	35	0.2792207792207792	0.01	0.0	56
463	0.066059225512528	0.000000000000000	33.448108755013024	35	0.2786177105831533	0.01	0.0	56
464	0.066059225512528	0.000000000000000	33.448108755013024	35	0.27801724137931033	0.01	0.0	56
465	0.066059225512528	0.000000000000000	33.448108755013024	35	0.27741935483870966	0.01	0.0	56
466	0.066059225512528	0.000000000000000	33.448108755013024	35	0.27682403433476394	0.01	0.0	56
467	0.066059225512528	0.000000000000000	33.448108755013024	35	0.2762312633832976	0.01	0.0	56
468	0.066059225512528	0.000000000000000	33.448108755013024	35	0.27564102564102566	0.01	0.0	56
469	0.066059225512528	0.000000000000000	33.448108755013024	35	0.27505330490405117	0.01	0.0	56
470	0.066059225512528	0.000000000000000	33.448108755013024	35	0.274468085106383	0.01	0.0	56
471	0.067567567567568	0.000000000000000	33.52771417087376	35	0.2760084925690021	0.01	0.0	56
472	0.067567567567568	0.000000000000000	33.52771417087376	35	0.2754237288135593	0.01	0.0	56
473	0.067567567567568	0.000000000000000	33.52771417087376	35	0.2748414376321353	0.01	0.0	56
474	0.070615034168565	0.000000000000000	33.54744453285356	35	0.27637130801687765	0.01	0.0	56
475	0.070615034168565	0.000000000000000	33.54744453285356	35	0.27578947368421053	0.01	0.0	56
476	0.070615034168565	0.000000000000000	33.54744453285356	35	0.27521008403361347	0.01	0.0	56
477	0.070615034168565	0.000000000000000	33.54744453285356	35	0.2746331236897275	0.01	0.0	56
478	0.070615034168565	0.000000000000000	33.54744453285356	35	0.27405857740585776	0.01	0.0	56
479	0.070615034168565	0.000000000000000	32.57821914379954	34	0.2755741127348643	0.01	0.0	56
480	0.070615034168565	0.000000000000000	32.57821914379954	34	0.275	0.01	0.0	56
481	0.070615034168565	0.000000000000000	32.57821914379954	34	0.27442827442827444	0.01	0.0	56
482	0.070615034168565	0.000000000000000	32.57821914379954	34	0.27385892116182575	0.01	0.0	56
483	0.070294784580499	0.000000000000000	32.56631591799308	34	0.2753623188405797	0.01	0.0	56
484	0.070294784580499	0.000000000000000	32.56631591799308	34	0.27479338842975204	0.01	0.0	56
485	0.075862068965517	0.000000000000000	32.58838558544943	34	0.27628865979381445	0.01	0.0	56
486	0.075862068965517	0.000000000000000	32.58838558544943	34	0.2757201646090535	0.01	0.0	56
487	0.075862068965517	0.000000000000000	32.58838558544943	34	0.2751540041067762	0.01	0.0	56
488	0.075862068965517	0.000000000000000	32.58838558544943	34	0.27459016393442626	0.01	0.0	56
489	0.075862068965517	0.000000000000000	32.58838558544943	34	0.2740286298568507	0.01	0.0	56
490	0.075862068965517	0.000000000000000	32.58838558544943	34	0.27346938775510204	0.01	0.0	56
491	0.075862068965517	0.000000000000000	32.58838558544943	34	0.2729124236252546	0.01	0.0	56
492	0.072727272727273	0.000000000000000	32.5696435403876	34	0.27439024390243905	0.01	0.0	56
493	0.072727272727273	0.000000000000000	32.5696435403876	34	0.2738336713995943	0.01	0.0	56
494	0.072727272727273	0.000000000000000	32.5696435403876	34	0.2732793522267207	0.01	0.0	56
495	0.072727272727273	0.000000000000000	32.5696435403876	34	0.2727272727272727	0.01	0.0	56
496	0.075170842824601	0.000000000000000	32.55687214830587	34	0.27419354838709675	0.01	0.0	56
497	0.075170842824601	0.000000000000000	32.55687214830587	34	0.27364185110663986	0.01	0.0	56
498	0.075170842824601	0.000000000000000	32.55687214830587	34	0.27309236947791166	0.01	0.0	56
499	0.075170842824601	0.000000000000000	32.55687214830587	34	0.2725450901803607	0.01	0.0	56
500	0.075170842824601	0.000000000000000	32.55687214830587	34	0.272	0.01	0.0	56
501	0.075170842824601	0.000000000000000	32.55687214830587	34	0.2714570858283433	0.01	0.0	56
502	0.075170842824601	0.000000000000000	32.55687214830587	34	0.27091633466135456	0.01	0.0	56
503	0.075170842824601	0.000000000000000	32.55687214830587	34	0.27037773359840955	0.01	0.0	56
504	0.075170842824601	0.000000000000000	32.55687214830587	34	0.2698412698412698	0.01	0.0	56
505	0.068181818181818	0.000000000000000	32.52366574729041	34	0.2712871287128713	0.01	0.0	56
506	0.068181818181818	0.000000000000000	32.52366574729041	34	0.2707509881422925	0.01	0.0	56
507	0.068181818181818	0.000000000000000	32.52366574729041	34	0.2702169625246548	0.01	0.0	56
508	0.068181818181818	0.000000000000000	32.52366574729041	34	0.26968503937007876	0.01	0.0	56
509	0.068181818181818	0.000000000000000	32.52366574729041	34	0.2691552062868369	0.01	0.0	56
510	0.068181818181818	0.000000000000000	32.52366574729041	34	0.26862745098039215	0.01	0.0	56
511	0.070615034168565	0.000000000000000	32.47994730996628	34	0.2700587084148728	0.01	0.0	56
512	0.070615034168565	0.000000000000000	32.47994730996628	34	0.26953125	0.01	0.0	56
513	0.070615034168565	0.000000000000000	32.47994730996628	34	0.26900584795321636	0.01	0.0	56
514	0.070615034168565	0.000000000000000	32.47994730996628	34	0.26848249027237353	0.01	0.0	56
515	0.070615034168565	0.000000000000000	32.47994730996628	34	0.26796116504854367	0.01	0.0	56
516	0.070615034168565	0.000000000000000	32.47994730996628	34	0.26744186046511625	0.01	0.0	56
517	0.070615034168565	0.000000000000000	32.47994730996628	34	0.26692456479690524	0.01	0.0	56
518	0.070615034168565	0.000000000000000	32.47994730996628	34	0.26640926640926643	0.01	0.0	56
519	0.070615034168565	0.000000000000000	32.47994730996628	34	0.2658959537572254	0.01	0.0	56
520	0.070615034168565	0.000000000000000	32.47994730996628	34	0.2653846153846154	0.01	0.0	56
521	0.070615034168565	0.000000000000000	32.47994730996628	34	0.2648752399232246	0.01	0.0	56
522	0.069977426636569	0.000000000000000	31.50228262237793	33	0.2662835249042146	0.01	0.0	56
523	0.069977426636569	0.000000000000000	31.50228262237793	33	0.26577437858508607	0.01	0.0	56
524	0.069977426636569	0.000000000000000	31.50228262237793	33	0.2652671755725191	0.01	0.0	56
525	0.069977426636569	0.000000000000000	31.50228262237793	33	0.26476190476190475	0.01	0.0	56
526	0.069977426636569	0.000000000000000	31.50228262237793	33	0.26425855513307983	0.01	0.0	56
527	0.069977426636569	0.000000000000000	31.50228262237793	33	0.2637571157495256	0.01	0.0	56
528	0.069977426636569	0.000000000000000	31.50228262237793	33	0.26325757575757575	0.01	0.0	56
529	0.069977426636569	0.000000000000000	31.50228262237793	33	0.2627599243856333	0.01	0.0	56
530	0.063636363636364	0.000000000000000	31.512449064027827	33	0.2641509433962264	0.01	0.0	56
531	0.063636363636364	0.000000000000000	31.512449064027827	33	0.263653483992467	0.01	0.0	56
532	0.069351230425056	0.000000000000000	31.389592765979337	33	0.2650375939849624	0.01	0.0	56
533	0.071428571428571	0.000000000000000	32.18474859448189	34	0.26641651031894936	0.01	0.0	56
534	0.071428571428571	0.000000000000000	32.18474859448189	34	0.26591760299625467	0.01	0.0	56
