0	0.000000000000000	0.000000000000000	0.0	0	0	0.0007	0.0	56
1	0.000000000000000	0.000000000000000	0.0	0	0.0	0.0007	0.0	56
2	0.000000000000000	0.000000000000000	0.0	0	0.0	0.0007	0.0	56
3	0.000000000000000	0.000000000000000	0.0	0	0.0	0.0007	0.0	56
4	0.000000000000000	0.000000000000000	0.0	0	0.0	0.0007	0.0	56
5	0.000000000000000	0.000000000000000	0.0	0	0.0	0.0007	0.0	56
6	0.000000000000000	0.000000000000000	0.0	0	0.0	0.0007	0.0	56
7	0.000000000000000	0.000000000000000	0.0	0	0.0	0.0007	0.0	56
8	0.000000000000000	0.000000000000000	0.0	0	0.0	0.0007	0.0	56
9	0.000000000000000	0.000000000000000	0.0	0	0.0	0.0007	0.0	56
10	0.000000000000000	0.000000000000000	0.0	0	0.0	0.0007	0.0	56
11	0.000000000000000	0.000000000000000	0.0	0	0.0	0.0007	0.0	56
12	0.000000000000000	0.000000000000000	0.0	0	0.0	0.0007	0.0	56
13	0.000000000000000	0.000000000000000	0.0	0	0.0	0.0007	0.0	56
14	0.000000000000000	0.000000000000000	0.0	0	0.0	0.0007	0.0	56
15	0.000000000000000	0.000000000000000	0.0	0	0.0	0.0007	0.0	56
16	0.000000000000000	0.000000000000000	0.0	0	0.0	0.0007	0.0	56
17	0.000000000000000	0.000000000000000	0.0	0	0.0	0.0007	0.0	56
18	0.000000000000000	0.000000000000000	0.0	0	0.0	0.0007	0.0	56
19	0.000000000000000	0.000000000000000	0.0	0	0.0	0.0007	0.0	56
20	0.000000000000000	0.000000000000000	0.0	0	0.0	0.0007	0.0	56
21	0.000000000000000	0.000000000000000	0.0	0	0.0	0.0007	0.0	56
22	0.000000000000000	0.000000000000000	0.0	0	0.0	0.0007	0.0	56
23	0.000000000000000	0.000000000000000	0.0	0	0.0	0.0007	0.0	56
24	0.000000000000000	0.000000000000000	0.0	0	0.0	0.0007	0.0	56
25	0.000000000000000	0.000000000000000	0.0	0	0.0	0.0007	0.0	56
26	0.000000000000000	0.000000000000000	0.0	0	0.0	0.0007	0.0	56
27	0.000000000000000	0.000000000000000	0.0	0	0.0	0.0007	0.0	56
28	0.000000000000000	0.000000000000000	0.0	0	0.0	0.0007	0.0	56
29	0.000000000000000	0.000000000000000	0.0	0	0.0	0.0007	0.0	56
30	0.000000000000000	0.000000000000000	0.0	0	0.0	0.0007	0.0	56
31	0.000000000000000	0.000000000000000	0.0	0	0.0	0.0007	0.0	56
32	0.000000000000000	0.000000000000000	0.0	0	0.0	0.0007	0.0	56
33	0.000000000000000	0.000000000000000	0.0	0	0.0	0.0007	0.0	56
34	0.000000000000000	0.000000000000000	0.0	0	0.0	0.0007	0.0	56
35	0.000000000000000	0.000000000000000	0.0	0	0.0	0.0007	0.0	56
36	0.000000000000000	0.000000000000000	0.0	0	0.0	0.0007	0.0	56
37	0.000000000000000	0.000000000000000	0.0	0	0.0	0.0007	0.0	56
38	0.000000000000000	0.000000000000000	0.0	0	0.0	0.0007	0.0	56
39	0.000000000000000	0.000000000000000	0.0	0	0.0	0.0007	0.0	56
40	0.000000000000000	0.000000000000000	0.0	0	0.0	0.0007	0.0	56
41	0.000000000000000	0.000000000000000	0.0	0	0.0	0.0007	0.0	56
42	0.000000000000000	0.000000000000000	0.0	0	0.0	0.0007	0.0	56
43	0.000000000000000	0.000000000000000	0.0	0	0.0	0.0007	0.0	56
44	0.000000000000000	0.000000000000000	0.0	0	0.0	0.0007	0.0	56
45	0.000000000000000	0.000000000000000	0.0	0	0.0	0.0007	0.0	56
46	0.000000000000000	0.000000000000000	0.0	0	0.0	0.0007	0.0	56
47	0.000000000000000	0.000000000000000	0.0	0	0.0	0.0007	0.0	56
48	0.000000000000000	0.000000000000000	0.0	0	0.0	0.0007	0.0	56
49	0.000000000000000	0.000000000000000	0.0	0	0.0	0.0007	0.0	56
50	0.000000000000000	0.000000000000000	0.0	0	0.0	0.0007	0.0	56
51	0.000000000000000	0.000000000000000	0.0	0	0.0	0.0007	0.0	56
52	0.000000000000000	0.000000000000000	0.0	0	0.0	0.0007	0.0	56
53	0.000000000000000	0.000000000000000	0.0	0	0.0	0.0007	0.0	56
54	0.000000000000000	0.000000000000000	0.0	0	0.0	0.0007	0.0	56
55	0.000000000000000	0.000000000000000	0.0	0	0.0	0.0007	0.0	56
56	0.000000000000000	0.000000000000000	0.0	0	0.0	0.0007	0.0	56
57	0.000000000000000	0.000000000000000	0.0	0	0.0	0.0007	0.0	56
58	0.000000000000000	0.000000000000000	0.0	0	0.0	0.0007	0.0	56
59	0.000000000000000	0.000000000000000	0.0	0	0.0	0.0007	0.0	56
60	0.000000000000000	0.000000000000000	0.0	0	0.0	0.0007	0.0	56
61	0.000000000000000	0.000000000000000	0.0	0	0.0	0.0007	0.0	56
62	0.000000000000000	0.000000000000000	0.0	0	0.0	0.0007	0.0	56
63	0.000000000000000	0.000000000000000	0.0	0	0.0	0.0007	0.0	56
64	0.000000000000000	0.000000000000000	0.0	0	0.0	0.0007	0.0	56
65	0.000000000000000	0.000000000000000	0.0	0	0.0	0.0007	0.0	56
66	0.000000000000000	0.000000000000000	0.0	0	0.0	0.0007	0.0	56
67	0.000000000000000	0.000000000000000	0.0	0	0.0	0.0007	0.0	56
68	0.000000000000000	0.000000000000000	0.0	0	0.0	0.0007	0.0	56
69	0.000000000000000	0.000000000000000	0.0	0	0.0	0.0007	0.0	56
70	0.000000000000000	0.000000000000000	0.0	0	0.0	0.0007	0.0	56
71	0.000000000000000	0.000000000000000	0.0	0	0.0	0.0007	0.0	56
72	0.000000000000000	0.000000000000000	0.0	0	0.0	0.0007	0.0	56
73	0.000000000000000	0.000000000000000	0.0	0	0.0	0.0007	0.0	56
74	0.000000000000000	0.000000000000000	0.0	0	0.0	0.0007	0.0	56
75	0.000000000000000	0.000000000000000	0.0	0	0.0	0.0007	0.0	56
76	0.000000000000000	0.000000000000000	0.0	0	0.0	0.0007	0.0	56
77	0.000000000000000	0.000000000000000	0.0	0	0.0	0.0007	0.0	56
78	0.000000000000000	0.000000000000000	0.0	0	0.0	0.0007	0.0	56
79	0.000000000000000	0.000000000000000	0.0	0	0.0	0.0007	0.0	56
80	0.000000000000000	0.000000000000000	0.0	0	0.0	0.0007	0.0	56
81	0.000000000000000	0.000000000000000	0.0	0	0.0	0.0007	0.0	56
82	0.000000000000000	0.000000000000000	0.0	0	0.0	0.0007	0.0	56
83	0.000000000000000	0.000000000000000	0.0	0	0.0	0.0007	0.0	56
84	0.000000000000000	0.000000000000000	0.0	0	0.0	0.0007	0.0	56
85	0.000000000000000	0.000000000000000	0.0	0	0.0	0.0007	0.0	56
86	0.000000000000000	0.000000000000000	0.0	0	0.0	0.0007	0.0	56
87	0.000000000000000	0.000000000000000	0.0	0	0.0	0.0007	0.0	56
88	0.000000000000000	0.000000000000000	0.0	0	0.0	0.0007	0.0	56
89	0.000000000000000	0.000000000000000	0.0	0	0.0	0.0007	0.0	56
90	0.000000000000000	0.000000000000000	0.0	0	0.0	0.0007	0.0	56
91	0.000000000000000	0.000000000000000	0.0	0	0.0	0.0007	0.0	56
92	0.000000000000000	0.000000000000000	0.0	0	0.0	0.0007	0.0	56
93	0.000000000000000	0.000000000000000	0.0	0	0.0	0.0007	0.0	56
94	0.000000000000000	0.000000000000000	0.0	0	0.0	0.0007	0.0	56
95	0.000000000000000	0.000000000000000	0.0	0	0.0	0.0007	0.0	56
96	0.000000000000000	0.000000000000000	0.0	0	0.0	0.0007	0.0	56
97	0.000000000000000	0.000000000000000	0.0	0	0.0	0.0007	0.0	56
98	0.000000000000000	0.000000000000000	0.0	0	0.0	0.0007	0.0	56
99	0.000000000000000	0.000000000000000	0.0	0	0.0	0.0007	0.0	56
100	0.000000000000000	0.000000000000000	0.0	0	0.0	0.0007	0.0	56
101	0.000000000000000	0.000000000000000	0.0	0	0.0	0.0007	0.0	56
102	0.000000000000000	0.000000000000000	0.0	0	0.0	0.0007	0.0	56
103	0.000000000000000	0.000000000000000	0.0	0	0.0	0.0007	0.0	56
104	0.000000000000000	0.000000000000000	0.0	0	0.0	0.0007	0.0	56
105	0.000000000000000	0.000000000000000	0.0	0	0.0	0.0007	0.0	56
106	0.000000000000000	0.000000000000000	0.0	0	0.0	0.0007	0.0	56
107	0.000000000000000	0.000000000000000	0.0	0	0.0	0.0007	0.0	56
108	0.000000000000000	0.000000000000000	0.0	0	0.0	0.0007	0.0	56
109	0.000000000000000	0.000000000000000	0.0	0	0.0	0.0007	0.0	56
110	0.000000000000000	0.000000000000000	0.0	0	0.0	0.0007	0.0	56
111	0.000000000000000	0.000000000000000	0.0	0	0.0	0.0007	0.0	56
112	0.000000000000000	0.000000000000000	0.0	0	0.0	0.0007	0.0	56
113	0.000000000000000	0.000000000000000	0.0	0	0.0	0.0007	0.0	56
114	0.000000000000000	0.000000000000000	0.0	0	0.0	0.0007	0.0	56
115	0.000000000000000	0.000000000000000	0.0	0	0.0	0.0007	0.0	56
116	0.000000000000000	0.000000000000000	0.0	0	0.0	0.0007	0.0	56
117	0.000000000000000	0.000000000000000	0.0	0	0.0	0.0007	0.0	56
118	0.000000000000000	0.000000000000000	0.0	0	0.0	0.0007	0.0	56
119	0.000000000000000	0.000000000000000	0.0	0	0.0	0.0007	0.0	56
120	0.000000000000000	0.000000000000000	0.0	0	0.0	0.0007	0.0	56
121	0.000000000000000	0.000000000000000	0.0	0	0.0	0.0007	0.0	56
122	0.000000000000000	0.000000000000000	0.0	0	0.0	0.0007	0.0	56
123	0.000000000000000	0.000000000000000	0.0	0	0.0	0.0007	0.0	56
124	0.000000000000000	0.000000000000000	0.0	0	0.0	0.0007	0.0	56
125	0.000000000000000	0.000000000000000	0.0	0	0.0	0.0007	0.0	56
126	0.000000000000000	0.000000000000000	0.0	0	0.0	0.0007	0.0	56
127	0.000000000000000	0.000000000000000	0.0	0	0.0	0.0007	0.0	56
128	0.000000000000000	0.000000000000000	0.0	0	0.0	0.0007	0.0	56
129	0.000000000000000	0.000000000000000	0.0	0	0.0	0.0007	0.0	56
130	0.000000000000000	0.000000000000000	0.0	0	0.0	0.0007	0.0	56
131	0.000000000000000	0.000000000000000	0.0	0	0.0	0.0007	0.0	56
132	0.000000000000000	0.000000000000000	0.0	0	0.0	0.0007	0.0	56
133	0.000000000000000	0.000000000000000	0.0	0	0.0	0.0007	0.0	56
134	0.000000000000000	0.000000000000000	0.0	0	0.0	0.0007	0.0	56
135	0.000000000000000	0.000000000000000	0.0	0	0.0	0.0007	0.0	56
136	0.000000000000000	0.000000000000000	0.0	0	0.0	0.0007	0.0	56
137	0.000000000000000	0.000000000000000	0.0	0	0.0	0.0007	0.0	56
138	0.000000000000000	0.000000000000000	0.0	0	0.0	0.0007	0.0	56
139	0.000000000000000	0.000000000000000	0.0	0	0.0	0.0007	0.0	56
140	0.000000000000000	0.000000000000000	0.0	0	0.0	0.0007	0.0	56
141	0.000000000000000	0.000000000000000	0.0	0	0.0	0.0007	0.0	56
142	0.000000000000000	0.000000000000000	0.0	0	0.0	0.0007	0.0	56
143	0.000000000000000	0.000000000000000	0.0	0	0.0	0.0007	0.0	56
144	0.000000000000000	0.000000000000000	0.0	0	0.0	0.0007	0.0	56
145	0.000000000000000	0.000000000000000	0.0	0	0.0	0.0007	0.0	56
146	0.000000000000000	0.000000000000000	0.0	0	0.0	0.0007	0.0	56
147	0.000000000000000	0.000000000000000	0.0	0	0.0	0.0007	0.0	56
148	0.000000000000000	0.000000000000000	0.0	0	0.0	0.0007	0.0	56
149	0.000000000000000	0.000000000000000	0.0	0	0.0	0.0007	0.0	56
150	0.000000000000000	0.000000000000000	0.0	0	0.0	0.0007	0.0	56
151	0.000000000000000	0.000000000000000	0.0	0	0.0	0.0007	0.0	56
152	0.000000000000000	0.000000000000000	0.0	0	0.0	0.0007	0.0	56
153	0.000000000000000	0.000000000000000	0.0	0	0.0	0.0007	0.0	56
154	0.000000000000000	0.000000000000000	0.0	0	0.0	0.0007	0.0	56
155	0.000000000000000	0.000000000000000	0.0	0	0.0	0.0007	0.0	56
156	0.000000000000000	0.000000000000000	0.0	0	0.0	0.0007	0.0	56
157	0.000000000000000	0.000000000000000	0.0	0	0.0	0.0007	0.0	56
158	0.000000000000000	0.000000000000000	0.0	0	0.0	0.0007	0.0	56
159	0.000000000000000	0.000000000000000	0.0	0	0.0	0.0007	0.0	56
160	0.000000000000000	0.000000000000000	0.0	0	0.0	0.0007	0.0	56
161	0.000000000000000	0.000000000000000	0.0	0	0.0	0.0007	0.0	56
162	0.000000000000000	0.000000000000000	0.0	0	0.0	0.0007	0.0	56
163	0.000000000000000	0.000000000000000	0.0	0	0.0	0.0007	0.0	56
164	0.000000000000000	0.000000000000000	0.0	0	0.0	0.0007	0.0	56
165	0.000000000000000	0.000000000000000	0.0	0	0.0	0.0007	0.0	56
166	0.000000000000000	0.000000000000000	0.0	0	0.0	0.0007	0.0	56
167	0.000000000000000	0.000000000000000	0.0	0	0.0	0.0007	0.0	56
168	0.000000000000000	0.000000000000000	0.0	0	0.0	0.0007	0.0	56
169	0.000000000000000	0.000000000000000	0.0	0	0.0	0.0007	0.0	56
170	0.000000000000000	0.000000000000000	0.0	0	0.0	0.0007	0.0	56
171	0.000000000000000	0.000000000000000	0.0	0	0.0	0.0007	0.0	56
172	0.000000000000000	0.000000000000000	0.0	0	0.0	0.0007	0.0	56
173	0.000000000000000	0.000000000000000	0.0	0	0.0	0.0007	0.0	56
174	0.000000000000000	0.000000000000000	0.0	0	0.0	0.0007	0.0	56
175	0.000000000000000	0.000000000000000	0.0	0	0.0	0.0007	0.0	56
176	0.000000000000000	0.000000000000000	0.0	0	0.0	0.0007	0.0	56
177	0.000000000000000	0.000000000000000	0.0	0	0.0	0.0007	0.0	56
178	0.000000000000000	0.000000000000000	0.0	0	0.0	0.0007	0.0	56
179	0.000000000000000	0.000000000000000	0.0	0	0.0	0.0007	0.0	56
180	0.000000000000000	0.000000000000000	0.0	0	0.0	0.0007	0.0	56
181	0.000000000000000	0.000000000000000	0.0	0	0.0	0.0007	0.0	56
182	0.000000000000000	0.000000000000000	0.0	0	0.0	0.0007	0.0	56
183	0.000000000000000	0.000000000000000	0.0	0	0.0	0.0007	0.0	56
184	0.000000000000000	0.000000000000000	0.0	0	0.0	0.0007	0.0	56
185	0.000000000000000	0.000000000000000	0.0	0	0.0	0.0007	0.0	56
186	0.000000000000000	0.000000000000000	0.0	0	0.0	0.0007	0.0	56
187	0.000000000000000	0.000000000000000	0.0	0	0.0	0.0007	0.0	56
188	0.000000000000000	0.000000000000000	0.0	0	0.0	0.0007	0.0	56
189	0.000000000000000	0.000000000000000	0.0	0	0.0	0.0007	0.0	56
190	0.000000000000000	0.000000000000000	0.0	0	0.0	0.0007	0.0	56
191	0.000000000000000	0.000000000000000	0.0	0	0.0	0.0007	0.0	56
192	0.000000000000000	0.000000000000000	0.0	0	0.0	0.0007	0.0	56
193	0.000000000000000	0.000000000000000	0.0	0	0.0	0.0007	0.0	56
194	0.000000000000000	0.000000000000000	0.0	0	0.0	0.0007	0.0	56
195	0.000000000000000	0.000000000000000	0.0	0	0.0	0.0007	0.0	56
196	0.000000000000000	0.000000000000000	0.0	0	0.0	0.0007	0.0	56
197	0.000000000000000	0.000000000000000	0.0	0	0.0	0.0007	0.0	56
198	0.000000000000000	0.000000000000000	0.0	0	0.0	0.0007	0.0	56
199	0.000000000000000	0.000000000000000	0.0	0	0.0	0.0007	0.0	56
200	0.000000000000000	0.000000000000000	0.0	0	0.0	0.0007	0.0	56
201	0.000000000000000	0.000000000000000	0.0	0	0.0	0.0007	0.0	56
202	0.000000000000000	0.000000000000000	0.0	0	0.0	0.0007	0.0	56
203	0.000000000000000	0.000000000000000	0.0	0	0.0	0.0007	0.0	56
204	0.000000000000000	0.000000000000000	0.0	0	0.0	0.0007	0.0	56
205	0.000000000000000	0.000000000000000	0.0	0	0.0	0.0007	0.0	56
206	0.000000000000000	0.000000000000000	0.0	0	0.0	0.0007	0.0	56
207	0.000000000000000	0.000000000000000	0.0	0	0.0	0.0007	0.0	56
208	0.000000000000000	0.000000000000000	0.0	0	0.0	0.0007	0.0	56
209	0.000000000000000	0.000000000000000	0.0	0	0.0	0.0007	0.0	56
210	0.000000000000000	0.000000000000000	0.0	0	0.0	0.0007	0.0	56
211	0.000000000000000	0.000000000000000	0.0	0	0.0	0.0007	0.0	56
212	0.000000000000000	0.000000000000000	0.0	0	0.0	0.0007	0.0	56
213	0.000000000000000	0.000000000000000	0.0	0	0.0	0.0007	0.0	56
214	0.000000000000000	0.000000000000000	0.0	0	0.0	0.0007	0.0	56
215	0.000000000000000	0.000000000000000	0.0	0	0.0	0.0007	0.0	56
216	0.000000000000000	0.000000000000000	0.0	0	0.0	0.0007	0.0	56
217	0.000000000000000	0.000000000000000	0.0	0	0.0	0.0007	0.0	56
218	0.000000000000000	0.000000000000000	0.0	0	0.0	0.0007	0.0	56
219	0.000000000000000	0.000000000000000	0.0	0	0.0	0.0007	0.0	56
220	0.000000000000000	0.000000000000000	0.0	0	0.0	0.0007	0.0	56
221	0.000000000000000	0.000000000000000	0.0	0	0.0	0.0007	0.0	56
222	0.000000000000000	0.000000000000000	0.0	0	0.0	0.0007	0.0	56
223	0.000000000000000	0.000000000000000	0.0	0	0.0	0.0007	0.0	56
224	0.000000000000000	0.000000000000000	0.0	0	0.0	0.0007	0.0	56
225	0.000000000000000	0.000000000000000	0.0	0	0.0	0.0007	0.0	56
226	0.000000000000000	0.000000000000000	0.0	0	0.0	0.0007	0.0	56
227	0.000000000000000	0.000000000000000	0.0	0	0.0	0.0007	0.0	56
228	0.000000000000000	0.000000000000000	0.0	0	0.0	0.0007	0.0	56
229	0.000000000000000	0.000000000000000	0.0	0	0.0	0.0007	0.0	56
230	0.000000000000000	0.000000000000000	0.0	0	0.0	0.0007	0.0	56
231	0.000000000000000	0.000000000000000	0.0	0	0.0	0.0007	0.0	56
232	0.000000000000000	0.000000000000000	0.0	0	0.0	0.0007	0.0	56
233	0.000000000000000	0.000000000000000	0.0	0	0.0	0.0007	0.0	56
234	0.000000000000000	0.000000000000000	0.0	0	0.0	0.0007	0.0	56
235	0.000000000000000	0.000000000000000	0.0	0	0.0	0.0007	0.0	56
236	0.000000000000000	0.000000000000000	0.0	0	0.0	0.0007	0.0	56
237	0.000000000000000	0.000000000000000	0.0	0	0.0	0.0007	0.0	56
238	0.000000000000000	0.000000000000000	0.0	0	0.0	0.0007	0.0	56
239	0.000000000000000	0.000000000000000	0.0	0	0.0	0.0007	0.0	56
240	0.000000000000000	0.000000000000000	0.0	0	0.0	0.0007	0.0	56
241	0.000000000000000	0.000000000000000	0.0	0	0.0	0.0007	0.0	56
242	0.000000000000000	0.000000000000000	0.0	0	0.0	0.0007	0.0	56
243	0.000000000000000	0.000000000000000	0.0	0	0.0	0.0007	0.0	56
244	0.000000000000000	0.000000000000000	0.0	0	0.0	0.0007	0.0	56
245	0.000000000000000	0.000000000000000	0.0	0	0.0	0.0007	0.0	56
246	0.000000000000000	0.000000000000000	0.0	0	0.0	0.0007	0.0	56
247	0.000000000000000	0.000000000000000	0.0	0	0.0	0.0007	0.0	56
248	0.000000000000000	0.000000000000000	0.0	0	0.0	0.0007	0.0	56
249	0.000000000000000	0.000000000000000	0.0	0	0.0	0.0007	0.0	56
250	0.000000000000000	0.000000000000000	0.0	0	0.0	0.0007	0.0	56
251	0.000000000000000	0.000000000000000	0.0	0	0.0	0.0007	0.0	56
252	0.000000000000000	0.000000000000000	0.0	0	0.0	0.0007	0.0	56
253	0.000000000000000	0.000000000000000	0.0	0	0.0	0.0007	0.0	56
254	0.000000000000000	0.000000000000000	0.0	0	0.0	0.0007	0.0	56
255	0.000000000000000	0.000000000000000	0.0	0	0.0	0.0007	0.0	56
256	0.000000000000000	0.000000000000000	0.0	0	0.0	0.0007	0.0	56
257	0.000000000000000	0.000000000000000	0.0	0	0.0	0.0007	0.0	56
258	0.000000000000000	0.000000000000000	0.0	0	0.0	0.0007	0.0	56
259	0.000000000000000	0.000000000000000	0.0	0	0.0	0.0007	0.0	56
260	0.000000000000000	0.000000000000000	0.0	0	0.0	0.0007	0.0	56
261	0.000000000000000	0.000000000000000	0.0	0	0.0	0.0007	0.0	56
262	0.000000000000000	0.000000000000000	0.0	0	0.0	0.0007	0.0	56
263	0.000000000000000	0.000000000000000	0.0	0	0.0	0.0007	0.0	56
264	0.000000000000000	0.000000000000000	0.0	0	0.0	0.0007	0.0	56
265	0.000000000000000	0.000000000000000	0.0	0	0.0	0.0007	0.0	56
266	0.000000000000000	0.000000000000000	0.0	0	0.0	0.0007	0.0	56
267	0.000000000000000	0.000000000000000	0.0	0	0.0	0.0007	0.0	56
268	0.000000000000000	0.000000000000000	0.0	0	0.0	0.0007	0.0	56
269	0.000000000000000	0.000000000000000	0.0	0	0.0	0.0007	0.0	56
270	0.000000000000000	0.000000000000000	0.0	0	0.0	0.0007	0.0	56
271	0.000000000000000	0.000000000000000	0.0	0	0.0	0.0007	0.0	56
272	0.000000000000000	0.000000000000000	0.0	0	0.0	0.0007	0.0	56
273	0.000000000000000	0.000000000000000	0.0	0	0.0	0.0007	0.0	56
274	0.000000000000000	0.000000000000000	0.0	0	0.0	0.0007	0.0	56
275	0.000000000000000	0.000000000000000	0.0	0	0.0	0.0007	0.0	56
276	0.000000000000000	0.000000000000000	0.0	0	0.0	0.0007	0.0	56
277	0.000000000000000	0.000000000000000	0.0	0	0.0	0.0007	0.0	56
278	0.000000000000000	0.000000000000000	0.0	0	0.0	0.0007	0.0	56
279	0.000000000000000	0.000000000000000	0.0	0	0.0	0.0007	0.0	56
280	0.000000000000000	0.000000000000000	0.0	0	0.0	0.0007	0.0	56
281	0.000000000000000	0.000000000000000	0.0	0	0.0	0.0007	0.0	56
282	0.000000000000000	0.000000000000000	0.0	0	0.0	0.0007	0.0	56
283	0.000000000000000	0.000000000000000	0.0	0	0.0	0.0007	0.0	56
284	0.000000000000000	0.000000000000000	0.0	0	0.0	0.0007	0.0	56
285	0.000000000000000	0.000000000000000	0.0	0	0.0	0.0007	0.0	56
286	0.000000000000000	0.000000000000000	0.0	0	0.0	0.0007	0.0	56
287	0.000000000000000	0.000000000000000	0.0	0	0.0	0.0007	0.0	56
288	0.000000000000000	0.000000000000000	0.0	0	0.0	0.0007	0.0	56
289	0.000000000000000	0.000000000000000	0.0	0	0.0	0.0007	0.0	56
290	0.000000000000000	0.000000000000000	0.0	0	0.0	0.0007	0.0	56
291	0.000000000000000	0.000000000000000	0.0	0	0.0	0.0007	0.0	56
292	0.000000000000000	0.000000000000000	0.0	0	0.0	0.0007	0.0	56
293	0.000000000000000	0.000000000000000	0.0	0	0.0	0.0007	0.0	56
294	0.000000000000000	0.000000000000000	0.0	0	0.0	0.0007	0.0	56
295	0.000000000000000	0.000000000000000	0.0	0	0.0	0.0007	0.0	56
296	0.000000000000000	0.000000000000000	0.0	0	0.0	0.0007	0.0	56
297	0.000000000000000	0.000000000000000	0.0	0	0.0	0.0007	0.0	56
298	0.000000000000000	0.000000000000000	0.0	0	0.0	0.0007	0.0	56
299	0.000000000000000	0.000000000000000	0.0	0	0.0	0.0007	0.0	56
300	0.000000000000000	0.000000000000000	0.0	0	0.0	0.0007	0.0	56
301	0.000000000000000	0.000000000000000	0.0	0	0.0	0.0007	0.0	56
302	0.000000000000000	0.000000000000000	0.0	0	0.0	0.0007	0.0	56
303	0.000000000000000	0.000000000000000	0.0	0	0.0	0.0007	0.0	56
304	0.000000000000000	0.000000000000000	0.0	0	0.0	0.0007	0.0	56
305	0.000000000000000	0.000000000000000	0.0	0	0.0	0.0007	0.0	56
306	0.000000000000000	0.000000000000000	0.0	0	0.0	0.0007	0.0	56
307	0.000000000000000	0.000000000000000	0.0	0	0.0	0.0007	0.0	56
308	0.000000000000000	0.000000000000000	0.0	0	0.0	0.0007	0.0	56
309	0.000000000000000	0.000000000000000	0.0	0	0.0	0.0007	0.0	56
310	0.000000000000000	0.000000000000000	0.0	0	0.0	0.0007	0.0	56
311	0.000000000000000	0.000000000000000	0.0	0	0.0	0.0007	0.0	56
312	0.000000000000000	0.000000000000000	0.0	0	0.0	0.0007	0.0	56
313	0.000000000000000	0.000000000000000	0.0	0	0.0	0.0007	0.0	56
314	0.000000000000000	0.000000000000000	0.0	0	0.0	0.0007	0.0	56
315	0.000000000000000	0.000000000000000	0.0	0	0.0	0.0007	0.0	56
316	0.000000000000000	0.000000000000000	0.0	0	0.0	0.0007	0.0	56
317	0.000000000000000	0.000000000000000	0.0	0	0.0	0.0007	0.0	56
318	0.000000000000000	0.000000000000000	0.0	0	0.0	0.0007	0.0	56
319	0.000000000000000	0.000000000000000	0.0	0	0.0	0.0007	0.0	56
320	0.000000000000000	0.000000000000000	0.0	0	0.0	0.0007	0.0	56
321	0.000000000000000	0.000000000000000	0.0	0	0.0	0.0007	0.0	56
322	0.000000000000000	0.000000000000000	0.0	0	0.0	0.0007	0.0	56
323	0.000000000000000	0.000000000000000	0.0	0	0.0	0.0007	0.0	56
324	0.000000000000000	0.000000000000000	0.0	0	0.0	0.0007	0.0	56
325	0.000000000000000	0.000000000000000	0.0	0	0.0	0.0007	0.0	56
326	0.000000000000000	0.000000000000000	0.0	0	0.0	0.0007	0.0	56
327	0.000000000000000	0.000000000000000	0.0	0	0.0	0.0007	0.0	56
328	0.000000000000000	0.000000000000000	0.0	0	0.0	0.0007	0.0	56
329	0.000000000000000	0.000000000000000	0.0	0	0.0	0.0007	0.0	56
330	0.000000000000000	0.000000000000000	0.0	0	0.0	0.0007	0.0	56
331	0.000000000000000	0.000000000000000	0.0	0	0.0	0.0007	0.0	56
332	0.000000000000000	0.000000000000000	0.0	0	0.0	0.0007	0.0	56
333	0.000000000000000	0.000000000000000	0.0	0	0.0	0.0007	0.0	56
334	0.000000000000000	0.000000000000000	0.0	0	0.0	0.0007	0.0	56
335	0.000000000000000	0.000000000000000	0.0	0	0.0	0.0007	0.0	56
336	0.000000000000000	0.000000000000000	0.0	0	0.0	0.0007	0.0	56
337	0.000000000000000	0.000000000000000	0.0	0	0.0	0.0007	0.0	56
338	0.000000000000000	0.000000000000000	0.0	0	0.0	0.0007	0.0	56
339	0.000000000000000	0.000000000000000	0.0	0	0.0	0.0007	0.0	56
340	0.000000000000000	0.000000000000000	0.0	0	0.0	0.0007	0.0	56
341	0.000000000000000	0.000000000000000	0.0	0	0.0	0.0007	0.0	56
342	0.000000000000000	0.000000000000000	0.0	0	0.0	0.0007	0.0	56
343	0.000000000000000	0.000000000000000	0.0	0	0.0	0.0007	0.0	56
344	0.000000000000000	0.000000000000000	0.0	0	0.0	0.0007	0.0	56
345	0.000000000000000	0.000000000000000	0.0	0	0.0	0.0007	0.0	56
346	0.000000000000000	0.000000000000000	0.0	0	0.0	0.0007	0.0	56
347	0.000000000000000	0.000000000000000	0.0	0	0.0	0.0007	0.0	56
348	0.000000000000000	0.000000000000000	0.0	0	0.0	0.0007	0.0	56
349	0.000000000000000	0.000000000000000	0.0	0	0.0	0.0007	0.0	56
350	0.000000000000000	0.000000000000000	0.0	0	0.0	0.0007	0.0	56
351	0.000000000000000	0.000000000000000	0.0	0	0.0	0.0007	0.0	56
352	0.000000000000000	0.000000000000000	0.0	0	0.0	0.0007	0.0	56
353	0.000000000000000	0.000000000000000	0.0	0	0.0	0.0007	0.0	56
354	0.000000000000000	0.000000000000000	0.0	0	0.0	0.0007	0.0	56
355	0.000000000000000	0.000000000000000	0.0	0	0.0	0.0007	0.0	56
356	0.000000000000000	0.000000000000000	0.0	0	0.0	0.0007	0.0	56
357	0.000000000000000	0.000000000000000	0.0	0	0.0	0.0007	0.0	56
358	0.000000000000000	0.000000000000000	0.0	0	0.0	0.0007	0.0	56
359	0.000000000000000	0.000000000000000	0.0	0	0.0	0.0007	0.0	56
360	0.000000000000000	0.000000000000000	0.0	0	0.0	0.0007	0.0	56
361	0.000000000000000	0.000000000000000	0.0	0	0.0	0.0007	0.0	56
362	0.000000000000000	0.000000000000000	0.0	0	0.0	0.0007	0.0	56
363	0.000000000000000	0.000000000000000	0.0	0	0.0	0.0007	0.0	56
364	0.000000000000000	0.000000000000000	0.0	0	0.0	0.0007	0.0	56
365	0.000000000000000	0.000000000000000	0.0	0	0.0	0.0007	0.0	56
366	0.000000000000000	0.000000000000000	0.0	0	0.0	0.0007	0.0	56
367	0.000000000000000	0.000000000000000	0.0	0	0.0	0.0007	0.0	56
368	0.000000000000000	0.000000000000000	0.0	0	0.0	0.0007	0.0	56
369	0.000000000000000	0.000000000000000	0.0	0	0.0	0.0007	0.0	56
370	0.000000000000000	0.000000000000000	0.0	0	0.0	0.0007	0.0	56
371	0.000000000000000	0.000000000000000	0.0	0	0.0	0.0007	0.0	56
372	0.000000000000000	0.000000000000000	0.0	0	0.0	0.0007	0.0	56
373	0.000000000000000	0.000000000000000	0.0	0	0.0	0.0007	0.0	56
374	0.000000000000000	0.000000000000000	0.0	0	0.0	0.0007	0.0	56
375	0.000000000000000	0.000000000000000	0.0	0	0.0	0.0007	0.0	56
376	0.000000000000000	0.000000000000000	0.0	0	0.0	0.0007	0.0	56
377	0.000000000000000	0.000000000000000	0.0	0	0.0	0.0007	0.0	56
378	0.000000000000000	0.000000000000000	0.0	0	0.0	0.0007	0.0	56
379	0.000000000000000	0.000000000000000	0.0	0	0.0	0.0007	0.0	56
380	0.000000000000000	0.000000000000000	0.0	0	0.0	0.0007	0.0	56
381	0.000000000000000	0.000000000000000	0.0	0	0.0	0.0007	0.0	56
382	0.000000000000000	0.000000000000000	0.0	0	0.0	0.0007	0.0	56
383	0.000000000000000	0.000000000000000	0.0	0	0.0	0.0007	0.0	56
384	0.000000000000000	0.000000000000000	0.0	0	0.0	0.0007	0.0	56
385	0.000000000000000	0.000000000000000	0.0	0	0.0	0.0007	0.0	56
386	0.000000000000000	0.000000000000000	0.0	0	0.0	0.0007	0.0	56
387	0.000000000000000	0.000000000000000	0.0	0	0.0	0.0007	0.0	56
388	0.000000000000000	0.000000000000000	0.0	0	0.0	0.0007	0.0	56
389	0.000000000000000	0.000000000000000	0.0	0	0.0	0.0007	0.0	56
390	0.000000000000000	0.000000000000000	0.0	0	0.0	0.0007	0.0	56
391	0.000000000000000	0.000000000000000	0.0	0	0.0	0.0007	0.0	56
392	0.000000000000000	0.000000000000000	0.0	0	0.0	0.0007	0.0	56
393	0.000000000000000	0.000000000000000	0.0	0	0.0	0.0007	0.0	56
394	0.000000000000000	0.000000000000000	0.0	0	0.0	0.0007	0.0	56
395	0.000000000000000	0.000000000000000	0.0	0	0.0	0.0007	0.0	56
396	0.000000000000000	0.000000000000000	0.0	0	0.0	0.0007	0.0	56
397	0.000000000000000	0.000000000000000	0.0	0	0.0	0.0007	0.0	56
398	0.000000000000000	0.000000000000000	0.0	0	0.0	0.0007	0.0	56
399	0.000000000000000	0.000000000000000	0.0	0	0.0	0.0007	0.0	56
400	0.000000000000000	0.000000000000000	0.0	0	0.0	0.0007	0.0	56
401	0.000000000000000	0.000000000000000	0.0	0	0.0	0.0007	0.0	56
402	0.000000000000000	0.000000000000000	0.0	0	0.0	0.0007	0.0	56
403	0.000000000000000	0.000000000000000	0.0	0	0.0	0.0007	0.0	56
404	0.000000000000000	0.000000000000000	0.0	0	0.0	0.0007	0.0	56
405	0.000000000000000	0.000000000000000	0.0	0	0.0	0.0007	0.0	56
406	0.000000000000000	0.000000000000000	0.0	0	0.0	0.0007	0.0	56
407	0.000000000000000	0.000000000000000	0.0	0	0.0	0.0007	0.0	56
408	0.000000000000000	0.000000000000000	0.0	0	0.0	0.0007	0.0	56
409	0.000000000000000	0.000000000000000	0.0	0	0.0	0.0007	0.0	56
410	0.000000000000000	0.000000000000000	0.0	0	0.0	0.0007	0.0	56
411	0.000000000000000	0.000000000000000	0.0	0	0.0	0.0007	0.0	56
412	0.000000000000000	0.000000000000000	0.0	0	0.0	0.0007	0.0	56
413	0.000000000000000	0.000000000000000	0.0	0	0.0	0.0007	0.0	56
414	0.000000000000000	0.000000000000000	0.0	0	0.0	0.0007	0.0	56
415	0.000000000000000	0.000000000000000	0.0	0	0.0	0.0007	0.0	56
416	0.000000000000000	0.000000000000000	0.0	0	0.0	0.0007	0.0	56
417	0.000000000000000	0.000000000000000	0.0	0	0.0	0.0007	0.0	56
418	0.000000000000000	0.000000000000000	0.0	0	0.0	0.0007	0.0	56
419	0.000000000000000	0.000000000000000	0.0	0	0.0	0.0007	0.0	56
420	0.000000000000000	0.000000000000000	0.0	0	0.0	0.0007	0.0	56
421	0.000000000000000	0.000000000000000	0.0	0	0.0	0.0007	0.0	56
422	0.000000000000000	0.000000000000000	0.0	0	0.0	0.0007	0.0	56
423	0.000000000000000	0.000000000000000	0.0	0	0.0	0.0007	0.0	56
424	0.000000000000000	0.000000000000000	0.0	0	0.0	0.0007	0.0	56
425	0.000000000000000	0.000000000000000	0.0	0	0.0	0.0007	0.0	56
426	0.000000000000000	0.000000000000000	0.0	0	0.0	0.0007	0.0	56
427	0.000000000000000	0.000000000000000	0.0	0	0.0	0.0007	0.0	56
428	0.000000000000000	0.000000000000000	0.0	0	0.0	0.0007	0.0	56
429	0.000000000000000	0.000000000000000	0.0	0	0.0	0.0007	0.0	56
430	0.000000000000000	0.000000000000000	0.0	0	0.0	0.0007	0.0	56
431	0.000000000000000	0.000000000000000	0.0	0	0.0	0.0007	0.0	56
432	0.000000000000000	0.000000000000000	0.0	0	0.0	0.0007	0.0	56
433	0.000000000000000	0.000000000000000	0.0	0	0.0	0.0007	0.0	56
434	0.000000000000000	0.000000000000000	0.0	0	0.0	0.0007	0.0	56
435	0.000000000000000	0.000000000000000	0.0	0	0.0	0.0007	0.0	56
436	0.000000000000000	0.000000000000000	0.0	0	0.0	0.0007	0.0	56
437	0.000000000000000	0.000000000000000	0.0	0	0.0	0.0007	0.0	56
438	0.000000000000000	0.000000000000000	0.0	0	0.0	0.0007	0.0	56
439	0.000000000000000	0.000000000000000	0.0	0	0.0	0.0007	0.0	56
440	0.000000000000000	0.000000000000000	0.0	0	0.0	0.0007	0.0	56
441	0.000000000000000	0.000000000000000	0.0	0	0.0	0.0007	0.0	56
442	0.000000000000000	0.000000000000000	0.0	0	0.0	0.0007	0.0	56
443	0.000000000000000	0.000000000000000	0.0	0	0.0	0.0007	0.0	56
444	0.000000000000000	0.000000000000000	0.0	0	0.0	0.0007	0.0	56
445	0.000000000000000	0.000000000000000	0.0	0	0.0	0.0007	0.0	56
446	0.000000000000000	0.000000000000000	0.0	0	0.0	0.0007	0.0	56
447	0.000000000000000	0.000000000000000	0.0	0	0.0	0.0007	0.0	56
448	0.000000000000000	0.000000000000000	0.0	0	0.0	0.0007	0.0	56
449	0.000000000000000	0.000000000000000	0.0	0	0.0	0.0007	0.0	56
450	0.000000000000000	0.000000000000000	0.0	0	0.0	0.0007	0.0	56
451	0.000000000000000	0.000000000000000	0.0	0	0.0	0.0007	0.0	56
452	0.000000000000000	0.000000000000000	0.0	0	0.0	0.0007	0.0	56
453	0.000000000000000	0.000000000000000	0.0	0	0.0	0.0007	0.0	56
454	0.000000000000000	0.000000000000000	0.0	0	0.0	0.0007	0.0	56
455	0.000000000000000	0.000000000000000	0.0	0	0.0	0.0007	0.0	56
456	0.000000000000000	0.000000000000000	0.0	0	0.0	0.0007	0.0	56
457	0.000000000000000	0.000000000000000	0.0	0	0.0	0.0007	0.0	56
458	0.000000000000000	0.000000000000000	0.0	0	0.0	0.0007	0.0	56
459	0.000000000000000	0.000000000000000	0.0	0	0.0	0.0007	0.0	56
460	0.000000000000000	0.000000000000000	0.0	0	0.0	0.0007	0.0	56
461	0.000000000000000	0.000000000000000	0.0	0	0.0	0.0007	0.0	56
462	0.000000000000000	0.000000000000000	0.0	0	0.0	0.0007	0.0	56
463	0.000000000000000	0.000000000000000	0.0	0	0.0	0.0007	0.0	56
464	0.000000000000000	0.000000000000000	0.0	0	0.0	0.0007	0.0	56
465	0.000000000000000	0.000000000000000	0.0	0	0.0	0.0007	0.0	56
466	0.000000000000000	0.000000000000000	0.0	0	0.0	0.0007	0.0	56
467	0.000000000000000	0.000000000000000	0.0	0	0.0	0.0007	0.0	56
468	0.000000000000000	0.000000000000000	0.0	0	0.0	0.0007	0.0	56
469	0.000000000000000	0.000000000000000	0.0	0	0.0	0.0007	0.0	56
470	0.000000000000000	0.000000000000000	0.0	0	0.0	0.0007	0.0	56
471	0.000000000000000	0.000000000000000	0.0	0	0.0	0.0007	0.0	56
472	0.000000000000000	0.000000000000000	0.0	0	0.0	0.0007	0.0	56
473	0.000000000000000	0.000000000000000	0.0	0	0.0	0.0007	0.0	56
474	0.000000000000000	0.000000000000000	0.0	0	0.0	0.0007	0.0	56
475	0.000000000000000	0.000000000000000	0.0	0	0.0	0.0007	0.0	56
476	0.000000000000000	0.000000000000000	0.0	0	0.0	0.0007	0.0	56
477	0.000000000000000	0.000000000000000	0.0	0	0.0	0.0007	0.0	56
478	0.000000000000000	0.000000000000000	0.0	0	0.0	0.0007	0.0	56
479	0.000000000000000	0.000000000000000	0.0	0	0.0	0.0007	0.0	56
480	0.000000000000000	0.000000000000000	0.0	0	0.0	0.0007	0.0	56
481	0.000000000000000	0.000000000000000	0.0	0	0.0	0.0007	0.0	56
482	0.000000000000000	0.000000000000000	0.0	0	0.0	0.0007	0.0	56
483	0.000000000000000	0.000000000000000	0.0	0	0.0	0.0007	0.0	56
484	0.000000000000000	0.000000000000000	0.0	0	0.0	0.0007	0.0	56
485	0.000000000000000	0.000000000000000	0.0	0	0.0	0.0007	0.0	56
486	0.000000000000000	0.000000000000000	0.0	0	0.0	0.0007	0.0	56
487	0.000000000000000	0.000000000000000	0.0	0	0.0	0.0007	0.0	56
488	0.000000000000000	0.000000000000000	0.0	0	0.0	0.0007	0.0	56
489	0.000000000000000	0.000000000000000	0.0	0	0.0	0.0007	0.0	56
490	0.000000000000000	0.000000000000000	0.0	0	0.0	0.0007	0.0	56
491	0.000000000000000	0.000000000000000	0.0	0	0.0	0.0007	0.0	56
492	0.000000000000000	0.000000000000000	0.0	0	0.0	0.0007	0.0	56
493	0.000000000000000	0.000000000000000	0.0	0	0.0	0.0007	0.0	56
494	0.000000000000000	0.000000000000000	0.0	0	0.0	0.0007	0.0	56
495	0.000000000000000	0.000000000000000	0.0	0	0.0	0.0007	0.0	56
496	0.000000000000000	0.000000000000000	0.0	0	0.0	0.0007	0.0	56
497	0.000000000000000	0.000000000000000	0.0	0	0.0	0.0007	0.0	56
498	0.000000000000000	0.000000000000000	0.0	0	0.0	0.0007	0.0	56
499	0.000000000000000	0.000000000000000	0.0	0	0.0	0.0007	0.0	56
500	0.000000000000000	0.000000000000000	0.0	0	0.0	0.0007	0.0	56
501	0.000000000000000	0.000000000000000	0.0	0	0.0	0.0007	0.0	56
502	0.000000000000000	0.000000000000000	0.0	0	0.0	0.0007	0.0	56
503	0.000000000000000	0.000000000000000	0.0	0	0.0	0.0007	0.0	56
504	0.000000000000000	0.000000000000000	0.0	0	0.0	0.0007	0.0	56
505	0.000000000000000	0.000000000000000	0.0	0	0.0	0.0007	0.0	56
506	0.000000000000000	0.000000000000000	0.0	0	0.0	0.0007	0.0	56
507	0.000000000000000	0.000000000000000	0.0	0	0.0	0.0007	0.0	56
508	0.000000000000000	0.000000000000000	0.0	0	0.0	0.0007	0.0	56
509	0.000000000000000	0.000000000000000	0.0	0	0.0	0.0007	0.0	56
510	0.000000000000000	0.000000000000000	0.0	0	0.0	0.0007	0.0	56
511	0.000000000000000	0.000000000000000	0.0	0	0.0	0.0007	0.0	56
512	0.000000000000000	0.000000000000000	0.0	0	0.0	0.0007	0.0	56
513	0.000000000000000	0.000000000000000	0.0	0	0.0	0.0007	0.0	56
514	0.000000000000000	0.000000000000000	0.0	0	0.0	0.0007	0.0	56
515	0.000000000000000	0.000000000000000	0.0	0	0.0	0.0007	0.0	56
516	0.000000000000000	0.000000000000000	0.0	0	0.0	0.0007	0.0	56
517	0.000000000000000	0.000000000000000	0.0	0	0.0	0.0007	0.0	56
518	0.000000000000000	0.000000000000000	0.0	0	0.0	0.0007	0.0	56
519	0.000000000000000	0.000000000000000	0.0	0	0.0	0.0007	0.0	56
520	0.000000000000000	0.000000000000000	0.0	0	0.0	0.0007	0.0	56
521	0.000000000000000	0.000000000000000	0.0	0	0.0	0.0007	0.0	56
522	0.000000000000000	0.000000000000000	0.0	0	0.0	0.0007	0.0	56
523	0.000000000000000	0.000000000000000	0.0	0	0.0	0.0007	0.0	56
524	0.000000000000000	0.000000000000000	0.0	0	0.0	0.0007	0.0	56
525	0.000000000000000	0.000000000000000	0.0	0	0.0	0.0007	0.0	56
526	0.000000000000000	0.000000000000000	0.0	0	0.0	0.0007	0.0	56
527	0.000000000000000	0.000000000000000	0.0	0	0.0	0.0007	0.0	56
528	0.000000000000000	0.000000000000000	0.0	0	0.0	0.0007	0.0	56
529	0.000000000000000	0.000000000000000	0.0	0	0.0	0.0007	0.0	56
530	0.000000000000000	0.000000000000000	0.0	0	0.0	0.0007	0.0	56
531	0.000000000000000	0.000000000000000	0.0	0	0.0	0.0007	0.0	56
532	0.000000000000000	0.000000000000000	0.0	0	0.0	0.0007	0.0	56
533	0.000000000000000	0.000000000000000	0.0	0	0.0	0.0007	0.0	56
534	0.000000000000000	0.000000000000000	0.0	0	0.0	0.0007	0.0	56
535	0.000000000000000	0.000000000000000	0.0	0	0.0	0.0007	0.0	56
536	0.000000000000000	0.000000000000000	0.0	0	0.0	0.0007	0.0	56
537	0.000000000000000	0.000000000000000	0.0	0	0.0	0.0007	0.0	56
538	0.000000000000000	0.000000000000000	0.0	0	0.0	0.0007	0.0	56
539	0.000000000000000	0.000000000000000	0.0	0	0.0	0.0007	0.0	56
540	0.000000000000000	0.000000000000000	0.0	0	0.0	0.0007	0.0	56
541	0.000000000000000	0.000000000000000	0.0	0	0.0	0.0007	0.0	56
542	0.000000000000000	0.000000000000000	0.0	0	0.0	0.0007	0.0	56
543	0.000000000000000	0.000000000000000	0.0	0	0.0	0.0007	0.0	56
544	0.000000000000000	0.000000000000000	0.0	0	0.0	0.0007	0.0	56
545	0.000000000000000	0.000000000000000	0.0	0	0.0	0.0007	0.0	56
546	0.000000000000000	0.000000000000000	0.0	0	0.0	0.0007	0.0	56
547	0.000000000000000	0.000000000000000	0.0	0	0.0	0.0007	0.0	56
548	0.000000000000000	0.000000000000000	0.0	0	0.0	0.0007	0.0	56
549	0.000000000000000	0.000000000000000	0.0	0	0.0	0.0007	0.0	56
550	0.000000000000000	0.000000000000000	0.0	0	0.0	0.0007	0.0	56
551	0.000000000000000	0.000000000000000	0.0	0	0.0	0.0007	0.0	56
552	0.000000000000000	0.000000000000000	0.0	0	0.0	0.0007	0.0	56
553	0.000000000000000	0.000000000000000	0.0	0	0.0	0.0007	0.0	56
554	0.000000000000000	0.000000000000000	0.0	0	0.0	0.0007	0.0	56
555	0.000000000000000	0.000000000000000	0.0	0	0.0	0.0007	0.0	56
556	0.000000000000000	0.000000000000000	0.0	0	0.0	0.0007	0.0	56
557	0.000000000000000	0.000000000000000	0.0	0	0.0	0.0007	0.0	56
558	0.000000000000000	0.000000000000000	0.0	0	0.0	0.0007	0.0	56
559	0.000000000000000	0.000000000000000	0.0	0	0.0	0.0007	0.0	56
560	0.000000000000000	0.000000000000000	0.0	0	0.0	0.0007	0.0	56
561	0.000000000000000	0.000000000000000	0.0	0	0.0	0.0007	0.0	56
562	0.000000000000000	0.000000000000000	0.0	0	0.0	0.0007	0.0	56
563	0.000000000000000	0.000000000000000	0.0	0	0.0	0.0007	0.0	56
564	0.000000000000000	0.000000000000000	0.0	0	0.0	0.0007	0.0	56
565	0.000000000000000	0.000000000000000	0.0	0	0.0	0.0007	0.0	56
566	0.000000000000000	0.000000000000000	0.0	0	0.0	0.0007	0.0	56
567	0.000000000000000	0.000000000000000	0.0	0	0.0	0.0007	0.0	56
568	0.000000000000000	0.000000000000000	0.0	0	0.0	0.0007	0.0	56
569	0.000000000000000	0.000000000000000	0.0	0	0.0	0.0007	0.0	56
570	0.000000000000000	0.000000000000000	0.0	0	0.0	0.0007	0.0	56
571	0.000000000000000	0.000000000000000	0.0	0	0.0	0.0007	0.0	56
572	0.000000000000000	0.000000000000000	0.0	0	0.0	0.0007	0.0	56
573	0.000000000000000	0.000000000000000	0.0	0	0.0	0.0007	0.0	56
574	0.000000000000000	0.000000000000000	0.0	0	0.0	0.0007	0.0	56
575	0.000000000000000	0.000000000000000	0.0	0	0.0	0.0007	0.0	56
576	0.000000000000000	0.000000000000000	0.0	0	0.0	0.0007	0.0	56
577	0.000000000000000	0.000000000000000	0.0	0	0.0	0.0007	0.0	56
578	0.000000000000000	0.000000000000000	0.0	0	0.0	0.0007	0.0	56
579	0.000000000000000	0.000000000000000	0.0	0	0.0	0.0007	0.0	56
580	0.000000000000000	0.000000000000000	0.0	0	0.0	0.0007	0.0	56
581	0.000000000000000	0.000000000000000	0.0	0	0.0	0.0007	0.0	56
582	0.000000000000000	0.000000000000000	0.0	0	0.0	0.0007	0.0	56
583	0.000000000000000	0.000000000000000	0.0	0	0.0	0.0007	0.0	56
584	0.000000000000000	0.000000000000000	0.0	0	0.0	0.0007	0.0	56
585	0.000000000000000	0.000000000000000	0.0	0	0.0	0.0007	0.0	56
586	0.000000000000000	0.000000000000000	0.0	0	0.0	0.0007	0.0	56
587	0.000000000000000	0.000000000000000	0.0	0	0.0	0.0007	0.0	56
588	0.000000000000000	0.000000000000000	0.0	0	0.0	0.0007	0.0	56
589	0.000000000000000	0.000000000000000	0.0	0	0.0	0.0007	0.0	56
590	0.000000000000000	0.000000000000000	0.0	0	0.0	0.0007	0.0	56
591	0.000000000000000	0.000000000000000	0.0	0	0.0	0.0007	0.0	56
592	0.000000000000000	0.000000000000000	0.0	0	0.0	0.0007	0.0	56
593	0.000000000000000	0.000000000000000	0.0	0	0.0	0.0007	0.0	56
594	0.000000000000000	0.000000000000000	0.0	0	0.0	0.0007	0.0	56
595	0.000000000000000	0.000000000000000	0.0	0	0.0	0.0007	0.0	56
596	0.000000000000000	0.000000000000000	0.0	0	0.0	0.0007	0.0	56
597	0.000000000000000	0.000000000000000	0.0	0	0.0	0.0007	0.0	56
598	0.000000000000000	0.000000000000000	0.0	0	0.0	0.0007	0.0	56
599	0.000000000000000	0.000000000000000	0.0	0	0.0	0.0007	0.0	56
600	0.000000000000000	0.000000000000000	0.0	0	0.0	0.0007	0.0	56
601	0.000000000000000	0.000000000000000	0.0	0	0.0	0.0007	0.0	56
602	0.000000000000000	0.000000000000000	0.0	0	0.0	0.0007	0.0	56
603	0.000000000000000	0.000000000000000	0.0	0	0.0	0.0007	0.0	56
604	0.000000000000000	0.000000000000000	0.0	0	0.0	0.0007	0.0	56
605	0.000000000000000	0.000000000000000	0.0	0	0.0	0.0007	0.0	56
606	0.000000000000000	0.000000000000000	0.0	0	0.0	0.0007	0.0	56
607	0.000000000000000	0.000000000000000	0.0	0	0.0	0.0007	0.0	56
608	0.000000000000000	0.000000000000000	0.0	0	0.0	0.0007	0.0	56
609	0.000000000000000	0.000000000000000	0.0	0	0.0	0.0007	0.0	56
610	0.000000000000000	0.000000000000000	0.0	0	0.0	0.0007	0.0	56
611	0.000000000000000	0.000000000000000	0.0	0	0.0	0.0007	0.0	56
612	0.000000000000000	0.000000000000000	0.0	0	0.0	0.0007	0.0	56
613	0.000000000000000	0.000000000000000	0.0	0	0.0	0.0007	0.0	56
614	0.000000000000000	0.000000000000000	0.0	0	0.0	0.0007	0.0	56
615	0.000000000000000	0.000000000000000	0.0	0	0.0	0.0007	0.0	56
616	0.000000000000000	0.000000000000000	0.0	0	0.0	0.0007	0.0	56
617	0.000000000000000	0.000000000000000	0.0	0	0.0	0.0007	0.0	56
618	0.000000000000000	0.000000000000000	0.0	0	0.0	0.0007	0.0	56
619	0.000000000000000	0.000000000000000	0.0	0	0.0	0.0007	0.0	56
620	0.000000000000000	0.000000000000000	0.0	0	0.0	0.0007	0.0	56
621	0.000000000000000	0.000000000000000	0.0	0	0.0	0.0007	0.0	56
622	0.000000000000000	0.000000000000000	0.0	0	0.0	0.0007	0.0	56
623	0.000000000000000	0.000000000000000	0.0	0	0.0	0.0007	0.0	56
624	0.000000000000000	0.000000000000000	0.0	0	0.0	0.0007	0.0	56
625	0.000000000000000	0.000000000000000	0.0	0	0.0	0.0007	0.0	56
626	0.000000000000000	0.000000000000000	0.0	0	0.0	0.0007	0.0	56
627	0.000000000000000	0.000000000000000	0.0	0	0.0	0.0007	0.0	56
628	0.000000000000000	0.000000000000000	0.0	0	0.0	0.0007	0.0	56
629	0.000000000000000	0.000000000000000	0.0	0	0.0	0.0007	0.0	56
630	0.000000000000000	0.000000000000000	0.0	0	0.0	0.0007	0.0	56
631	0.000000000000000	0.000000000000000	0.0	0	0.0	0.0007	0.0	56
632	0.000000000000000	0.000000000000000	0.0	0	0.0	0.0007	0.0	56
633	0.000000000000000	0.000000000000000	0.0	0	0.0	0.0007	0.0	56
634	0.000000000000000	0.000000000000000	0.0	0	0.0	0.0007	0.0	56
635	0.000000000000000	0.000000000000000	0.0	0	0.0	0.0007	0.0	56
636	0.000000000000000	0.000000000000000	0.0	0	0.0	0.0007	0.0	56
637	0.000000000000000	0.000000000000000	0.0	0	0.0	0.0007	0.0	56
638	0.000000000000000	0.000000000000000	0.0	0	0.0	0.0007	0.0	56
639	0.000000000000000	0.000000000000000	0.0	0	0.0	0.0007	0.0	56
640	0.000000000000000	0.000000000000000	0.0	0	0.0	0.0007	0.0	56
641	0.000000000000000	0.000000000000000	0.0	0	0.0	0.0007	0.0	56
642	0.000000000000000	0.000000000000000	0.0	0	0.0	0.0007	0.0	56
643	0.000000000000000	0.000000000000000	0.0	0	0.0	0.0007	0.0	56
644	0.000000000000000	0.000000000000000	0.0	0	0.0	0.0007	0.0	56
645	0.000000000000000	0.000000000000000	0.0	0	0.0	0.0007	0.0	56
646	0.000000000000000	0.000000000000000	0.0	0	0.0	0.0007	0.0	56
647	0.000000000000000	0.000000000000000	0.0	0	0.0	0.0007	0.0	56
648	0.000000000000000	0.000000000000000	0.0	0	0.0	0.0007	0.0	56
649	0.000000000000000	0.000000000000000	0.0	0	0.0	0.0007	0.0	56
650	0.000000000000000	0.000000000000000	0.0	0	0.0	0.0007	0.0	56
651	0.000000000000000	0.000000000000000	0.0	0	0.0	0.0007	0.0	56
652	0.000000000000000	0.000000000000000	0.0	0	0.0	0.0007	0.0	56
653	0.000000000000000	0.000000000000000	0.0	0	0.0	0.0007	0.0	56
654	0.000000000000000	0.000000000000000	0.0	0	0.0	0.0007	0.0	56
655	0.000000000000000	0.000000000000000	0.0	0	0.0	0.0007	0.0	56
656	0.000000000000000	0.000000000000000	0.0	0	0.0	0.0007	0.0	56
657	0.000000000000000	0.000000000000000	0.0	0	0.0	0.0007	0.0	56
658	0.000000000000000	0.000000000000000	0.0	0	0.0	0.0007	0.0	56
659	0.000000000000000	0.000000000000000	0.0	0	0.0	0.0007	0.0	56
660	0.000000000000000	0.000000000000000	0.0	0	0.0	0.0007	0.0	56
661	0.000000000000000	0.000000000000000	0.0	0	0.0	0.0007	0.0	56
662	0.000000000000000	0.000000000000000	0.0	0	0.0	0.0007	0.0	56
663	0.000000000000000	0.000000000000000	0.0	0	0.0	0.0007	0.0	56
664	0.000000000000000	0.000000000000000	0.0	0	0.0	0.0007	0.0	56
665	0.000000000000000	0.000000000000000	0.0	0	0.0	0.0007	0.0	56
666	0.000000000000000	0.000000000000000	0.0	0	0.0	0.0007	0.0	56
667	0.000000000000000	0.000000000000000	0.0	0	0.0	0.0007	0.0	56
668	0.000000000000000	0.000000000000000	0.0	0	0.0	0.0007	0.0	56
669	0.000000000000000	0.000000000000000	0.0	0	0.0	0.0007	0.0	56
670	0.000000000000000	0.000000000000000	0.0	0	0.0	0.0007	0.0	56
671	0.000000000000000	0.000000000000000	0.0	0	0.0	0.0007	0.0	56
672	0.000000000000000	0.000000000000000	0.0	0	0.0	0.0007	0.0	56
673	0.000000000000000	0.000000000000000	0.0	0	0.0	0.0007	0.0	56
674	0.000000000000000	0.000000000000000	0.0	0	0.0	0.0007	0.0	56
675	0.000000000000000	0.000000000000000	0.0	0	0.0	0.0007	0.0	56
676	0.000000000000000	0.000000000000000	0.0	0	0.0	0.0007	0.0	56
677	0.000000000000000	0.000000000000000	0.0	0	0.0	0.0007	0.0	56
678	0.000000000000000	0.000000000000000	0.0	0	0.0	0.0007	0.0	56
679	0.000000000000000	0.000000000000000	0.0	0	0.0	0.0007	0.0	56
680	0.000000000000000	0.000000000000000	0.0	0	0.0	0.0007	0.0	56
681	0.000000000000000	0.000000000000000	0.0	0	0.0	0.0007	0.0	56
682	0.000000000000000	0.000000000000000	0.0	0	0.0	0.0007	0.0	56
683	0.000000000000000	0.000000000000000	0.0	0	0.0	0.0007	0.0	56
684	0.000000000000000	0.000000000000000	0.0	0	0.0	0.0007	0.0	56
685	0.000000000000000	0.000000000000000	0.0	0	0.0	0.0007	0.0	56
686	0.000000000000000	0.000000000000000	0.0	0	0.0	0.0007	0.0	56
687	0.000000000000000	0.000000000000000	0.0	0	0.0	0.0007	0.0	56
688	0.000000000000000	0.000000000000000	0.0	0	0.0	0.0007	0.0	56
689	0.000000000000000	0.000000000000000	0.0	0	0.0	0.0007	0.0	56
690	0.000000000000000	0.000000000000000	0.0	0	0.0	0.0007	0.0	56
691	0.000000000000000	0.000000000000000	0.0	0	0.0	0.0007	0.0	56
692	0.000000000000000	0.000000000000000	0.0	0	0.0	0.0007	0.0	56
693	0.000000000000000	0.000000000000000	0.0	0	0.0	0.0007	0.0	56
694	0.000000000000000	0.000000000000000	0.0	0	0.0	0.0007	0.0	56
695	0.000000000000000	0.000000000000000	0.0	0	0.0	0.0007	0.0	56
696	0.000000000000000	0.000000000000000	0.0	0	0.0	0.0007	0.0	56
697	0.000000000000000	0.000000000000000	0.0	0	0.0	0.0007	0.0	56
698	0.000000000000000	0.000000000000000	0.0	0	0.0	0.0007	0.0	56
699	0.000000000000000	0.000000000000000	0.0	0	0.0	0.0007	0.0	56
700	0.000000000000000	0.000000000000000	0.0	0	0.0	0.0007	0.0	56
701	0.000000000000000	0.000000000000000	0.0	0	0.0	0.0007	0.0	56
702	0.000000000000000	0.000000000000000	0.0	0	0.0	0.0007	0.0	56
703	0.000000000000000	0.000000000000000	0.0	0	0.0	0.0007	0.0	56
704	0.000000000000000	0.000000000000000	0.0	0	0.0	0.0007	0.0	56
705	0.000000000000000	0.000000000000000	0.0	0	0.0	0.0007	0.0	56
706	0.000000000000000	0.000000000000000	0.0	0	0.0	0.0007	0.0	56
707	0.000000000000000	0.000000000000000	0.0	0	0.0	0.0007	0.0	56
708	0.000000000000000	0.000000000000000	0.0	0	0.0	0.0007	0.0	56
709	0.000000000000000	0.000000000000000	0.0	0	0.0	0.0007	0.0	56
710	0.000000000000000	0.000000000000000	0.0	0	0.0	0.0007	0.0	56
711	0.000000000000000	0.000000000000000	0.0	0	0.0	0.0007	0.0	56
712	0.000000000000000	0.000000000000000	0.0	0	0.0	0.0007	0.0	56
713	0.000000000000000	0.000000000000000	0.0	0	0.0	0.0007	0.0	56
714	0.000000000000000	0.000000000000000	0.0	0	0.0	0.0007	0.0	56
715	0.000000000000000	0.000000000000000	0.0	0	0.0	0.0007	0.0	56
716	0.000000000000000	0.000000000000000	0.0	0	0.0	0.0007	0.0	56
717	0.000000000000000	0.000000000000000	0.0	0	0.0	0.0007	0.0	56
718	0.000000000000000	0.000000000000000	0.0	0	0.0	0.0007	0.0	56
719	0.000000000000000	0.000000000000000	0.0	0	0.0	0.0007	0.0	56
720	0.000000000000000	0.000000000000000	0.0	0	0.0	0.0007	0.0	56
721	0.000000000000000	0.000000000000000	0.0	0	0.0	0.0007	0.0	56
722	0.000000000000000	0.000000000000000	0.0	0	0.0	0.0007	0.0	56
723	0.000000000000000	0.000000000000000	0.0	0	0.0	0.0007	0.0	56
724	0.000000000000000	0.000000000000000	0.0	0	0.0	0.0007	0.0	56
725	0.000000000000000	0.000000000000000	0.0	0	0.0	0.0007	0.0	56
726	0.000000000000000	0.000000000000000	0.0	0	0.0	0.0007	0.0	56
727	0.000000000000000	0.000000000000000	0.0	0	0.0	0.0007	0.0	56
728	0.000000000000000	0.000000000000000	0.0	0	0.0	0.0007	0.0	56
729	0.000000000000000	0.000000000000000	0.0	0	0.0	0.0007	0.0	56
730	0.000000000000000	0.000000000000000	0.0	0	0.0	0.0007	0.0	56
731	0.000000000000000	0.000000000000000	0.0	0	0.0	0.0007	0.0	56
732	0.000000000000000	0.000000000000000	0.0	0	0.0	0.0007	0.0	56
733	0.000000000000000	0.000000000000000	0.0	0	0.0	0.0007	0.0	56
734	0.000000000000000	0.000000000000000	0.0	0	0.0	0.0007	0.0	56
735	0.000000000000000	0.000000000000000	0.0	0	0.0	0.0007	0.0	56
736	0.000000000000000	0.000000000000000	0.0	0	0.0	0.0007	0.0	56
737	0.000000000000000	0.000000000000000	0.0	0	0.0	0.0007	0.0	56
738	0.000000000000000	0.000000000000000	0.0	0	0.0	0.0007	0.0	56
739	0.000000000000000	0.000000000000000	0.0	0	0.0	0.0007	0.0	56
740	0.000000000000000	0.000000000000000	0.0	0	0.0	0.0007	0.0	56
741	0.000000000000000	0.000000000000000	0.0	0	0.0	0.0007	0.0	56
742	0.000000000000000	0.000000000000000	0.0	0	0.0	0.0007	0.0	56
743	0.000000000000000	0.000000000000000	0.0	0	0.0	0.0007	0.0	56
744	0.000000000000000	0.000000000000000	0.0	0	0.0	0.0007	0.0	56
745	0.000000000000000	0.000000000000000	0.0	0	0.0	0.0007	0.0	56
746	0.000000000000000	0.000000000000000	0.0	0	0.0	0.0007	0.0	56
747	0.000000000000000	0.000000000000000	0.0	0	0.0	0.0007	0.0	56
748	0.000000000000000	0.000000000000000	0.0	0	0.0	0.0007	0.0	56
749	0.000000000000000	0.000000000000000	0.0	0	0.0	0.0007	0.0	56
750	0.000000000000000	0.000000000000000	0.0	0	0.0	0.0007	0.0	56
751	0.000000000000000	0.000000000000000	0.0	0	0.0	0.0007	0.0	56
752	0.000000000000000	0.000000000000000	0.0	0	0.0	0.0007	0.0	56
753	0.000000000000000	0.000000000000000	0.0	0	0.0	0.0007	0.0	56
754	0.000000000000000	0.000000000000000	0.0	0	0.0	0.0007	0.0	56
755	0.000000000000000	0.000000000000000	0.0	0	0.0	0.0007	0.0	56
756	0.000000000000000	0.000000000000000	0.0	0	0.0	0.0007	0.0	56
757	0.000000000000000	0.000000000000000	0.0	0	0.0	0.0007	0.0	56
758	0.000000000000000	0.000000000000000	0.0	0	0.0	0.0007	0.0	56
759	0.000000000000000	0.000000000000000	0.0	0	0.0	0.0007	0.0	56
760	0.000000000000000	0.000000000000000	0.0	0	0.0	0.0007	0.0	56
761	0.000000000000000	0.000000000000000	0.0	0	0.0	0.0007	0.0	56
762	0.000000000000000	0.000000000000000	0.0	0	0.0	0.0007	0.0	56
763	0.000000000000000	0.000000000000000	0.0	0	0.0	0.0007	0.0	56
764	0.000000000000000	0.000000000000000	0.0	0	0.0	0.0007	0.0	56
765	0.000000000000000	0.000000000000000	0.0	0	0.0	0.0007	0.0	56
766	0.000000000000000	0.000000000000000	0.0	0	0.0	0.0007	0.0	56
767	0.000000000000000	0.000000000000000	0.0	0	0.0	0.0007	0.0	56
768	0.000000000000000	0.000000000000000	0.0	0	0.0	0.0007	0.0	56
769	0.000000000000000	0.000000000000000	0.0	0	0.0	0.0007	0.0	56
770	0.000000000000000	0.000000000000000	0.0	0	0.0	0.0007	0.0	56
771	0.000000000000000	0.000000000000000	0.0	0	0.0	0.0007	0.0	56
772	0.000000000000000	0.000000000000000	0.0	0	0.0	0.0007	0.0	56
773	0.000000000000000	0.000000000000000	0.0	0	0.0	0.0007	0.0	56
774	0.000000000000000	0.000000000000000	0.0	0	0.0	0.0007	0.0	56
775	0.000000000000000	0.000000000000000	0.0	0	0.0	0.0007	0.0	56
776	0.000000000000000	0.000000000000000	0.0	0	0.0	0.0007	0.0	56
777	0.000000000000000	0.000000000000000	0.0	0	0.0	0.0007	0.0	56
778	0.000000000000000	0.000000000000000	0.0	0	0.0	0.0007	0.0	56
779	0.000000000000000	0.000000000000000	0.0	0	0.0	0.0007	0.0	56
780	0.000000000000000	0.000000000000000	0.0	0	0.0	0.0007	0.0	56
781	0.000000000000000	0.000000000000000	0.0	0	0.0	0.0007	0.0	56
782	0.000000000000000	0.000000000000000	0.0	0	0.0	0.0007	0.0	56
783	0.000000000000000	0.000000000000000	0.0	0	0.0	0.0007	0.0	56
784	0.000000000000000	0.000000000000000	0.0	0	0.0	0.0007	0.0	56
785	0.000000000000000	0.000000000000000	0.0	0	0.0	0.0007	0.0	56
786	0.000000000000000	0.000000000000000	0.0	0	0.0	0.0007	0.0	56
787	0.000000000000000	0.000000000000000	0.0	0	0.0	0.0007	0.0	56
788	0.000000000000000	0.000000000000000	0.0	0	0.0	0.0007	0.0	56
789	0.000000000000000	0.000000000000000	0.0	0	0.0	0.0007	0.0	56
790	0.000000000000000	0.000000000000000	0.0	0	0.0	0.0007	0.0	56
791	0.000000000000000	0.000000000000000	0.0	0	0.0	0.0007	0.0	56
792	0.000000000000000	0.000000000000000	0.0	0	0.0	0.0007	0.0	56
793	0.000000000000000	0.000000000000000	0.0	0	0.0	0.0007	0.0	56
794	0.000000000000000	0.000000000000000	0.0	0	0.0	0.0007	0.0	56
795	0.000000000000000	0.000000000000000	0.0	0	0.0	0.0007	0.0	56
796	0.000000000000000	0.000000000000000	0.0	0	0.0	0.0007	0.0	56
797	0.000000000000000	0.000000000000000	0.0	0	0.0	0.0007	0.0	56
798	0.000000000000000	0.000000000000000	0.0	0	0.0	0.0007	0.0	56
799	0.000000000000000	0.000000000000000	0.0	0	0.0	0.0007	0.0	56
800	0.000000000000000	0.000000000000000	0.0	0	0.0	0.0007	0.0	56
801	0.000000000000000	0.000000000000000	0.0	0	0.0	0.0007	0.0	56
802	0.000000000000000	0.000000000000000	0.0	0	0.0	0.0007	0.0	56
803	0.000000000000000	0.000000000000000	0.0	0	0.0	0.0007	0.0	56
804	0.000000000000000	0.000000000000000	0.0	0	0.0	0.0007	0.0	56
805	0.000000000000000	0.000000000000000	0.0	0	0.0	0.0007	0.0	56
806	0.000000000000000	0.000000000000000	0.0	0	0.0	0.0007	0.0	56
807	0.000000000000000	0.000000000000000	0.0	0	0.0	0.0007	0.0	56
808	0.000000000000000	0.000000000000000	0.0	0	0.0	0.0007	0.0	56
809	0.000000000000000	0.000000000000000	0.0	0	0.0	0.0007	0.0	56
810	0.000000000000000	0.000000000000000	0.0	0	0.0	0.0007	0.0	56
811	0.000000000000000	0.000000000000000	0.0	0	0.0	0.0007	0.0	56
812	0.000000000000000	0.000000000000000	0.0	0	0.0	0.0007	0.0	56
813	0.000000000000000	0.000000000000000	0.0	0	0.0	0.0007	0.0	56
814	0.000000000000000	0.000000000000000	0.0	0	0.0	0.0007	0.0	56
815	0.000000000000000	0.000000000000000	0.0	0	0.0	0.0007	0.0	56
816	0.000000000000000	0.000000000000000	0.0	0	0.0	0.0007	0.0	56
817	0.000000000000000	0.000000000000000	0.0	0	0.0	0.0007	0.0	56
818	0.000000000000000	0.000000000000000	0.0	0	0.0	0.0007	0.0	56
819	0.000000000000000	0.000000000000000	0.0	0	0.0	0.0007	0.0	56
820	0.000000000000000	0.000000000000000	0.0	0	0.0	0.0007	0.0	56
821	0.000000000000000	0.000000000000000	0.0	0	0.0	0.0007	0.0	56
822	0.000000000000000	0.000000000000000	0.0	0	0.0	0.0007	0.0	56
823	0.000000000000000	0.000000000000000	0.0	0	0.0	0.0007	0.0	56
824	0.000000000000000	0.000000000000000	0.0	0	0.0	0.0007	0.0	56
825	0.000000000000000	0.000000000000000	0.0	0	0.0	0.0007	0.0	56
826	0.000000000000000	0.000000000000000	0.0	0	0.0	0.0007	0.0	56
827	0.000000000000000	0.000000000000000	0.0	0	0.0	0.0007	0.0	56
828	0.000000000000000	0.000000000000000	0.0	0	0.0	0.0007	0.0	56
829	0.000000000000000	0.000000000000000	0.0	0	0.0	0.0007	0.0	56
830	0.000000000000000	0.000000000000000	0.0	0	0.0	0.0007	0.0	56
831	0.000000000000000	0.000000000000000	0.0	0	0.0	0.0007	0.0	56
832	0.000000000000000	0.000000000000000	0.0	0	0.0	0.0007	0.0	56
833	0.000000000000000	0.000000000000000	0.0	0	0.0	0.0007	0.0	56
834	0.000000000000000	0.000000000000000	0.0	0	0.0	0.0007	0.0	56
835	0.000000000000000	0.000000000000000	0.0	0	0.0	0.0007	0.0	56
836	0.000000000000000	0.000000000000000	0.0	0	0.0	0.0007	0.0	56
837	0.000000000000000	0.000000000000000	0.0	0	0.0	0.0007	0.0	56
838	0.000000000000000	0.000000000000000	0.0	0	0.0	0.0007	0.0	56
839	0.000000000000000	0.000000000000000	0.0	0	0.0	0.0007	0.0	56
840	0.000000000000000	0.000000000000000	0.0	0	0.0	0.0007	0.0	56
841	0.000000000000000	0.000000000000000	0.0	0	0.0	0.0007	0.0	56
842	0.000000000000000	0.000000000000000	0.0	0	0.0	0.0007	0.0	56
843	0.000000000000000	0.000000000000000	0.0	0	0.0	0.0007	0.0	56
844	0.000000000000000	0.000000000000000	0.0	0	0.0	0.0007	0.0	56
845	0.000000000000000	0.000000000000000	0.0	0	0.0	0.0007	0.0	56
846	0.000000000000000	0.000000000000000	0.0	0	0.0	0.0007	0.0	56
847	0.000000000000000	0.000000000000000	0.0	0	0.0	0.0007	0.0	56
848	0.000000000000000	0.000000000000000	0.0	0	0.0	0.0007	0.0	56
849	0.000000000000000	0.000000000000000	0.0	0	0.0	0.0007	0.0	56
850	0.000000000000000	0.000000000000000	0.0	0	0.0	0.0007	0.0	56
851	0.000000000000000	0.000000000000000	0.0	0	0.0	0.0007	0.0	56
852	0.000000000000000	0.000000000000000	0.0	0	0.0	0.0007	0.0	56
853	0.000000000000000	0.000000000000000	0.0	0	0.0	0.0007	0.0	56
854	0.000000000000000	0.000000000000000	0.0	0	0.0	0.0007	0.0	56
855	0.000000000000000	0.000000000000000	0.0	0	0.0	0.0007	0.0	56
856	0.000000000000000	0.000000000000000	0.0	0	0.0	0.0007	0.0	56
857	0.000000000000000	0.000000000000000	0.0	0	0.0	0.0007	0.0	56
858	0.000000000000000	0.000000000000000	0.0	0	0.0	0.0007	0.0	56
859	0.000000000000000	0.000000000000000	0.0	0	0.0	0.0007	0.0	56
860	0.000000000000000	0.000000000000000	0.0	0	0.0	0.0007	0.0	56
861	0.000000000000000	0.000000000000000	0.0	0	0.0	0.0007	0.0	56
862	0.000000000000000	0.000000000000000	0.0	0	0.0	0.0007	0.0	56
863	0.000000000000000	0.000000000000000	0.0	0	0.0	0.0007	0.0	56
864	0.000000000000000	0.000000000000000	0.0	0	0.0	0.0007	0.0	56
865	0.000000000000000	0.000000000000000	0.0	0	0.0	0.0007	0.0	56
866	0.000000000000000	0.000000000000000	0.0	0	0.0	0.0007	0.0	56
867	0.000000000000000	0.000000000000000	0.0	0	0.0	0.0007	0.0	56
868	0.000000000000000	0.000000000000000	0.0	0	0.0	0.0007	0.0	56
869	0.000000000000000	0.000000000000000	0.0	0	0.0	0.0007	0.0	56
870	0.000000000000000	0.000000000000000	0.0	0	0.0	0.0007	0.0	56
871	0.000000000000000	0.000000000000000	0.0	0	0.0	0.0007	0.0	56
872	0.000000000000000	0.000000000000000	0.0	0	0.0	0.0007	0.0	56
873	0.000000000000000	0.000000000000000	0.0	0	0.0	0.0007	0.0	56
874	0.000000000000000	0.000000000000000	0.0	0	0.0	0.0007	0.0	56
875	0.000000000000000	0.000000000000000	0.0	0	0.0	0.0007	0.0	56
876	0.000000000000000	0.000000000000000	0.0	0	0.0	0.0007	0.0	56
877	0.000000000000000	0.000000000000000	0.0	0	0.0	0.0007	0.0	56
878	0.000000000000000	0.000000000000000	0.0	0	0.0	0.0007	0.0	56
879	0.000000000000000	0.000000000000000	0.0	0	0.0	0.0007	0.0	56
880	0.000000000000000	0.000000000000000	0.0	0	0.0	0.0007	0.0	56
881	0.000000000000000	0.000000000000000	0.0	0	0.0	0.0007	0.0	56
882	0.000000000000000	0.000000000000000	0.0	0	0.0	0.0007	0.0	56
883	0.000000000000000	0.000000000000000	0.0	0	0.0	0.0007	0.0	56
884	0.000000000000000	0.000000000000000	0.0	0	0.0	0.0007	0.0	56
885	0.000000000000000	0.000000000000000	0.0	0	0.0	0.0007	0.0	56
886	0.000000000000000	0.000000000000000	0.0	0	0.0	0.0007	0.0	56
887	0.000000000000000	0.000000000000000	0.0	0	0.0	0.0007	0.0	56
888	0.000000000000000	0.000000000000000	0.0	0	0.0	0.0007	0.0	56
889	0.000000000000000	0.000000000000000	0.0	0	0.0	0.0007	0.0	56
890	0.000000000000000	0.000000000000000	0.0	0	0.0	0.0007	0.0	56
891	0.000000000000000	0.000000000000000	0.0	0	0.0	0.0007	0.0	56
892	0.000000000000000	0.000000000000000	0.0	0	0.0	0.0007	0.0	56
893	0.000000000000000	0.000000000000000	0.0	0	0.0	0.0007	0.0	56
894	0.000000000000000	0.000000000000000	0.0	0	0.0	0.0007	0.0	56
895	0.000000000000000	0.000000000000000	0.0	0	0.0	0.0007	0.0	56
896	0.000000000000000	0.000000000000000	0.0	0	0.0	0.0007	0.0	56
897	0.000000000000000	0.000000000000000	0.0	0	0.0	0.0007	0.0	56
898	0.000000000000000	0.000000000000000	0.0	0	0.0	0.0007	0.0	56
899	0.000000000000000	0.000000000000000	0.0	0	0.0	0.0007	0.0	56
900	0.000000000000000	0.000000000000000	0.0	0	0.0	0.0007	0.0	56
901	0.000000000000000	0.000000000000000	0.0	0	0.0	0.0007	0.0	56
902	0.000000000000000	0.000000000000000	0.0	0	0.0	0.0007	0.0	56
903	0.000000000000000	0.000000000000000	0.0	0	0.0	0.0007	0.0	56
904	0.000000000000000	0.000000000000000	0.0	0	0.0	0.0007	0.0	56
905	0.000000000000000	0.000000000000000	0.0	0	0.0	0.0007	0.0	56
906	0.000000000000000	0.000000000000000	0.0	0	0.0	0.0007	0.0	56
907	0.000000000000000	0.000000000000000	0.0	0	0.0	0.0007	0.0	56
908	0.000000000000000	0.000000000000000	0.0	0	0.0	0.0007	0.0	56
909	0.000000000000000	0.000000000000000	0.0	0	0.0	0.0007	0.0	56
910	0.000000000000000	0.000000000000000	0.0	0	0.0	0.0007	0.0	56
911	0.000000000000000	0.000000000000000	0.0	0	0.0	0.0007	0.0	56
912	0.000000000000000	0.000000000000000	0.0	0	0.0	0.0007	0.0	56
913	0.000000000000000	0.000000000000000	0.0	0	0.0	0.0007	0.0	56
914	0.000000000000000	0.000000000000000	0.0	0	0.0	0.0007	0.0	56
915	0.000000000000000	0.000000000000000	0.0	0	0.0	0.0007	0.0	56
916	0.000000000000000	0.000000000000000	0.0	0	0.0	0.0007	0.0	56
917	0.000000000000000	0.000000000000000	0.0	0	0.0	0.0007	0.0	56
918	0.000000000000000	0.000000000000000	0.0	0	0.0	0.0007	0.0	56
919	0.000000000000000	0.000000000000000	0.0	0	0.0	0.0007	0.0	56
920	0.000000000000000	0.000000000000000	0.0	0	0.0	0.0007	0.0	56
921	0.000000000000000	0.000000000000000	0.0	0	0.0	0.0007	0.0	56
922	0.000000000000000	0.000000000000000	0.0	0	0.0	0.0007	0.0	56
923	0.000000000000000	0.000000000000000	0.0	0	0.0	0.0007	0.0	56
924	0.000000000000000	0.000000000000000	0.0	0	0.0	0.0007	0.0	56
925	0.000000000000000	0.000000000000000	0.0	0	0.0	0.0007	0.0	56
926	0.000000000000000	0.000000000000000	0.0	0	0.0	0.0007	0.0	56
927	0.000000000000000	0.000000000000000	0.0	0	0.0	0.0007	0.0	56
928	0.000000000000000	0.000000000000000	0.0	0	0.0	0.0007	0.0	56
929	0.000000000000000	0.000000000000000	0.0	0	0.0	0.0007	0.0	56
930	0.000000000000000	0.000000000000000	0.0	0	0.0	0.0007	0.0	56
931	0.000000000000000	0.000000000000000	0.0	0	0.0	0.0007	0.0	56
932	0.000000000000000	0.000000000000000	0.0	0	0.0	0.0007	0.0	56
933	0.000000000000000	0.000000000000000	0.0	0	0.0	0.0007	0.0	56
934	0.000000000000000	0.000000000000000	0.0	0	0.0	0.0007	0.0	56
935	0.000000000000000	0.000000000000000	0.0	0	0.0	0.0007	0.0	56
936	0.000000000000000	0.000000000000000	0.0	0	0.0	0.0007	0.0	56
937	0.000000000000000	0.000000000000000	0.0	0	0.0	0.0007	0.0	56
938	0.000000000000000	0.000000000000000	0.0	0	0.0	0.0007	0.0	56
939	0.000000000000000	0.000000000000000	0.0	0	0.0	0.0007	0.0	56
940	0.000000000000000	0.000000000000000	0.0	0	0.0	0.0007	0.0	56
941	0.000000000000000	0.000000000000000	0.0	0	0.0	0.0007	0.0	56
942	0.000000000000000	0.000000000000000	0.0	0	0.0	0.0007	0.0	56
943	0.000000000000000	0.000000000000000	0.0	0	0.0	0.0007	0.0	56
944	0.000000000000000	0.000000000000000	0.0	0	0.0	0.0007	0.0	56
945	0.000000000000000	0.000000000000000	0.0	0	0.0	0.0007	0.0	56
946	0.000000000000000	0.000000000000000	0.0	0	0.0	0.0007	0.0	56
947	0.000000000000000	0.000000000000000	0.0	0	0.0	0.0007	0.0	56
948	0.000000000000000	0.000000000000000	0.0	0	0.0	0.0007	0.0	56
949	0.000000000000000	0.000000000000000	0.0	0	0.0	0.0007	0.0	56
950	0.000000000000000	0.000000000000000	0.0	0	0.0	0.0007	0.0	56
951	0.000000000000000	0.000000000000000	0.0	0	0.0	0.0007	0.0	56
952	0.000000000000000	0.000000000000000	0.0	0	0.0	0.0007	0.0	56
953	0.000000000000000	0.000000000000000	0.0	0	0.0	0.0007	0.0	56
954	0.000000000000000	0.000000000000000	0.0	0	0.0	0.0007	0.0	56
955	0.000000000000000	0.000000000000000	0.0	0	0.0	0.0007	0.0	56
956	0.000000000000000	0.000000000000000	0.0	0	0.0	0.0007	0.0	56
957	0.000000000000000	0.000000000000000	0.0	0	0.0	0.0007	0.0	56
958	0.000000000000000	0.000000000000000	0.0	0	0.0	0.0007	0.0	56
959	0.000000000000000	0.000000000000000	0.0	0	0.0	0.0007	0.0	56
960	0.000000000000000	0.000000000000000	0.0	0	0.0	0.0007	0.0	56
961	0.000000000000000	0.000000000000000	0.0	0	0.0	0.0007	0.0	56
962	0.000000000000000	0.000000000000000	0.0	0	0.0	0.0007	0.0	56
963	0.000000000000000	0.000000000000000	0.0	0	0.0	0.0007	0.0	56
964	0.000000000000000	0.000000000000000	0.0	0	0.0	0.0007	0.0	56
965	0.000000000000000	0.000000000000000	0.0	0	0.0	0.0007	0.0	56
966	0.000000000000000	0.000000000000000	0.0	0	0.0	0.0007	0.0	56
967	0.000000000000000	0.000000000000000	0.0	0	0.0	0.0007	0.0	56
968	0.000000000000000	0.000000000000000	0.0	0	0.0	0.0007	0.0	56
969	0.000000000000000	0.000000000000000	0.0	0	0.0	0.0007	0.0	56
970	0.000000000000000	0.000000000000000	0.0	0	0.0	0.0007	0.0	56
971	0.000000000000000	0.000000000000000	0.0	0	0.0	0.0007	0.0	56
972	0.000000000000000	0.000000000000000	0.0	0	0.0	0.0007	0.0	56
973	0.000000000000000	0.000000000000000	0.0	0	0.0	0.0007	0.0	56
974	0.000000000000000	0.000000000000000	0.0	0	0.0	0.0007	0.0	56
975	0.000000000000000	0.000000000000000	0.0	0	0.0	0.0007	0.0	56
976	0.000000000000000	0.000000000000000	0.0	0	0.0	0.0007	0.0	56
977	0.000000000000000	0.000000000000000	0.0	0	0.0	0.0007	0.0	56
978	0.000000000000000	0.000000000000000	0.0	0	0.0	0.0007	0.0	56
979	0.000000000000000	0.000000000000000	0.0	0	0.0	0.0007	0.0	56
980	0.000000000000000	0.000000000000000	0.0	0	0.0	0.0007	0.0	56
981	0.000000000000000	0.000000000000000	0.0	0	0.0	0.0007	0.0	56
982	0.000000000000000	0.000000000000000	0.0	0	0.0	0.0007	0.0	56
983	0.000000000000000	0.000000000000000	0.0	0	0.0	0.0007	0.0	56
984	0.000000000000000	0.000000000000000	0.0	0	0.0	0.0007	0.0	56
985	0.000000000000000	0.000000000000000	0.0	0	0.0	0.0007	0.0	56
986	0.000000000000000	0.000000000000000	0.0	0	0.0	0.0007	0.0	56
987	0.000000000000000	0.000000000000000	0.0	0	0.0	0.0007	0.0	56
988	0.000000000000000	0.000000000000000	0.0	0	0.0	0.0007	0.0	56
989	0.000000000000000	0.000000000000000	0.0	0	0.0	0.0007	0.0	56
990	0.000000000000000	0.000000000000000	0.0	0	0.0	0.0007	0.0	56
991	0.000000000000000	0.000000000000000	0.0	0	0.0	0.0007	0.0	56
992	0.000000000000000	0.000000000000000	0.0	0	0.0	0.0007	0.0	56
993	0.000000000000000	0.000000000000000	0.0	0	0.0	0.0007	0.0	56
994	0.000000000000000	0.000000000000000	0.0	0	0.0	0.0007	0.0	56
995	0.000000000000000	0.000000000000000	0.0	0	0.0	0.0007	0.0	56
996	0.000000000000000	0.000000000000000	0.0	0	0.0	0.0007	0.0	56
997	0.000000000000000	0.000000000000000	0.0	0	0.0	0.0007	0.0	56
998	0.000000000000000	0.000000000000000	0.0	0	0.0	0.0007	0.0	56
999	0.000000000000000	0.000000000000000	0.0	0	0.0	0.0007	0.0	56
1000	0.000000000000000	0.000000000000000	0.0	0	0.0	0.0007	0.0	56
