2258	0.000000000000000	0.000000000000000	0.9580759551590026	1	0.0004428697962798937	0.0001	0.0	56
2259	0.000000000000000	0.000000000000000	0.9580759551590026	1	0.0004426737494466578	0.0001	0.0	56
2260	0.000000000000000	0.000000000000000	0.9580759551590026	1	0.0004424778761061947	0.0001	0.0	56
2261	0.000000000000000	0.000000000000000	0.9580759551590026	1	0.0004422821760283061	0.0001	0.0	56
2262	0.000000000000000	0.000000000000000	0.9580759551590026	1	0.0004420866489832007	0.0001	0.0	56
2263	0.000000000000000	0.000000000000000	0.9580759551590026	1	0.0004418912947414936	0.0001	0.0	56
2264	0.000000000000000	0.000000000000000	0.9580759551590026	1	0.00044169611307420494	0.0001	0.0	56
2265	0.000000000000000	0.000000000000000	0.9580759551590026	1	0.0004415011037527594	0.0001	0.0	56
2266	0.000000000000000	0.000000000000000	0.9580759551590026	1	0.000441306266548985	0.0001	0.0	56
2267	0.000000000000000	0.000000000000000	0.9580759551590026	1	0.0004411116012351125	0.0001	0.0	56
2268	0.000000000000000	0.000000000000000	0.9580759551590026	1	0.0004409171075837742	0.0001	0.0	56
2269	0.000000000000000	0.000000000000000	0.9580759551590026	1	0.00044072278536800354	0.0001	0.0	56
2270	0.000000000000000	0.000000000000000	0.9580759551590026	1	0.0004405286343612335	0.0001	0.0	56
2271	0.000000000000000	0.000000000000000	0.9580759551590026	1	0.00044033465433729633	0.0001	0.0	56
2272	0.000000000000000	0.000000000000000	0.9580759551590026	1	0.00044014084507042255	0.0001	0.0	56
2273	0.000000000000000	0.000000000000000	0.9580759551590026	1	0.0004399472063352398	0.0001	0.0	56
2274	0.000000000000000	0.000000000000000	0.9580759551590026	1	0.00043975373790677223	0.0001	0.0	56
2275	0.000000000000000	0.000000000000000	0.9580759551590026	1	0.00043956043956043956	0.0001	0.0	56
2276	0.000000000000000	0.000000000000000	0.9580759551590026	1	0.0004393673110720562	0.0001	0.0	56
2277	0.000000000000000	0.000000000000000	0.9580759551590026	1	0.0004391743522178305	0.0001	0.0	56
2278	0.000000000000000	0.000000000000000	0.9580759551590026	1	0.0004389815627743635	0.0001	0.0	56
2279	0.000000000000000	0.000000000000000	0.9580759551590026	1	0.00043878894251864854	0.0001	0.0	56
2280	0.000000000000000	0.000000000000000	0.9580759551590026	1	0.0004385964912280702	0.0001	0.0	56
2281	0.000000000000000	0.000000000000000	0.9580759551590026	1	0.00043840420868040335	0.0001	0.0	56
2282	0.000000000000000	0.000000000000000	0.9580759551590026	1	0.00043821209465381246	0.0001	0.0	56
2283	0.000000000000000	0.000000000000000	0.9580759551590026	1	0.0004380201489268506	0.0001	0.0	56
2284	0.000000000000000	0.000000000000000	0.9580759551590026	1	0.00043782837127845885	0.0001	0.0	56
2285	0.000000000000000	0.000000000000000	0.9580759551590026	1	0.000437636761487965	0.0001	0.0	56
2286	0.000000000000000	0.000000000000000	0.9580759551590026	1	0.0004374453193350831	0.0001	0.0	56
2287	0.000000000000000	0.000000000000000	0.9580759551590026	1	0.00043725404459991256	0.0001	0.0	56
2288	0.000000000000000	0.000000000000000	0.9580759551590026	1	0.00043706293706293706	0.0001	0.0	56
2289	0.000000000000000	0.000000000000000	0.9580759551590026	1	0.00043687199650502403	0.0001	0.0	56
2290	0.000000000000000	0.000000000000000	0.9580759551590026	1	0.0004366812227074236	0.0001	0.0	56
2291	0.000000000000000	0.000000000000000	0.9580759551590026	1	0.00043649061545176777	0.0001	0.0	56
2292	0.000000000000000	0.000000000000000	0.9580759551590026	1	0.0004363001745200698	0.0001	0.0	56
2293	0.000000000000000	0.000000000000000	0.9580759551590026	1	0.0004361098996947231	0.0001	0.0	56
2294	0.000000000000000	0.000000000000000	0.9580759551590026	1	0.00043591979075850045	0.0001	0.0	56
2295	0.000000000000000	0.000000000000000	0.9580759551590026	1	0.00043572984749455336	0.0001	0.0	56
2296	0.000000000000000	0.000000000000000	0.9580759551590026	1	0.00043554006968641115	0.0001	0.0	56
2297	0.000000000000000	0.000000000000000	0.9580759551590026	1	0.00043535045711797995	0.0001	0.0	56
2298	0.000000000000000	0.000000000000000	0.9580759551590026	1	0.0004351610095735422	0.0001	0.0	56
2299	0.000000000000000	0.000000000000000	0.9580759551590026	1	0.00043497172683775554	0.0001	0.0	56
2300	0.000000000000000	0.000000000000000	0.9580759551590026	1	0.0004347826086956522	0.0001	0.0	56
2301	0.000000000000000	0.000000000000000	0.9580759551590026	1	0.000434593654932638	0.0001	0.0	56
2302	0.000000000000000	0.000000000000000	0.9580759551590026	1	0.0004344048653344917	0.0001	0.0	56
2303	0.000000000000000	0.000000000000000	0.9580759551590026	1	0.0004342162396873643	0.0001	0.0	56
2304	0.000000000000000	0.000000000000000	0.9580759551590026	1	0.00043402777777777775	0.0001	0.0	56
2305	0.000000000000000	0.000000000000000	0.9580759551590026	1	0.0004338394793926247	0.0001	0.0	56
2306	0.000000000000000	0.000000000000000	0.9580759551590026	1	0.0004336513443191674	0.0001	0.0	56
2307	0.000000000000000	0.000000000000000	0.9580759551590026	1	0.00043346337234503684	0.0001	0.0	56
2308	0.000000000000000	0.000000000000000	0.9580759551590026	1	0.0004332755632582322	0.0001	0.0	56
2309	0.000000000000000	0.000000000000000	0.9580759551590026	1	0.00043308791684711995	0.0001	0.0	56
2310	0.000000000000000	0.000000000000000	0.9580759551590026	1	0.0004329004329004329	0.0001	0.0	56
2311	0.000000000000000	0.000000000000000	0.9580759551590026	1	0.00043271311120726956	0.0001	0.0	56
2312	0.000000000000000	0.000000000000000	0.9580759551590026	1	0.00043252595155709344	0.0001	0.0	56
2313	0.000000000000000	0.000000000000000	0.9580759551590026	1	0.00043233895373973193	0.0001	0.0	56
2314	0.000000000000000	0.000000000000000	0.9580759551590026	1	0.000432152117545376	0.0001	0.0	56
2315	0.000000000000000	0.000000000000000	0.9580759551590026	1	0.00043196544276457883	0.0001	0.0	56
2316	0.000000000000000	0.000000000000000	0.9580759551590026	1	0.0004317789291882556	0.0001	0.0	56
2317	0.000000000000000	0.000000000000000	0.9580759551590026	1	0.00043159257660768235	0.0001	0.0	56
2318	0.000000000000000	0.000000000000000	0.9580759551590026	1	0.0004314063848144953	0.0001	0.0	56
2319	0.000000000000000	0.000000000000000	0.9580759551590026	1	0.00043122035360068997	0.0001	0.0	56
2320	0.000000000000000	0.000000000000000	0.9580759551590026	1	0.0004310344827586207	0.0001	0.0	56
2321	0.000000000000000	0.000000000000000	0.9580759551590026	1	0.00043084877208099956	0.0001	0.0	56
2322	0.000000000000000	0.000000000000000	0.9580759551590026	1	0.0004306632213608958	0.0001	0.0	56
2323	0.000000000000000	0.000000000000000	0.9580759551590026	1	0.00043047783039173483	0.0001	0.0	56
2324	0.000000000000000	0.000000000000000	0.9580759551590026	1	0.0004302925989672978	0.0001	0.0	56
2325	0.000000000000000	0.000000000000000	0.9580759551590026	1	0.00043010752688172043	0.0001	0.0	56
2326	0.000000000000000	0.000000000000000	0.9580759551590026	1	0.0004299226139294927	0.0001	0.0	56
2327	0.000000000000000	0.000000000000000	0.9580759551590026	1	0.0004297378599054577	0.0001	0.0	56
2328	0.000000000000000	0.000000000000000	0.9580759551590026	1	0.000429553264604811	0.0001	0.0	56
2329	0.000000000000000	0.000000000000000	0.9580759551590026	1	0.00042936882782310007	0.0001	0.0	56
2330	0.000000000000000	0.000000000000000	0.9580759551590026	1	0.00042918454935622315	0.0001	0.0	56
2331	0.000000000000000	0.000000000000000	0.9580759551590026	1	0.000429000429000429	0.0001	0.0	56
2332	0.000000000000000	0.000000000000000	0.9580759551590026	1	0.0004288164665523156	0.0001	0.0	56
2333	0.000000000000000	0.000000000000000	0.9580759551590026	1	0.0004286326618088298	0.0001	0.0	56
2334	0.000000000000000	0.000000000000000	0.9580759551590026	1	0.0004284490145672665	0.0001	0.0	56
2335	0.000000000000000	0.000000000000000	0.9580759551590026	1	0.00042826552462526765	0.0001	0.0	56
2336	0.000000000000000	0.000000000000000	0.9580759551590026	1	0.0004280821917808219	0.0001	0.0	56
2337	0.000000000000000	0.000000000000000	0.9580759551590026	1	0.0004278990158322636	0.0001	0.0	56
2338	0.000000000000000	0.000000000000000	0.9580759551590026	1	0.000427715996578272	0.0001	0.0	56
2339	0.000000000000000	0.000000000000000	0.9580759551590026	1	0.00042753313381787086	0.0001	0.0	56
2340	0.000000000000000	0.000000000000000	0.9580759551590026	1	0.00042735042735042735	0.0001	0.0	56
2341	0.000000000000000	0.000000000000000	0.9580759551590026	1	0.00042716787697565144	0.0001	0.0	56
2342	0.000000000000000	0.000000000000000	0.9580759551590026	1	0.0004269854824935952	0.0001	0.0	56
2343	0.000000000000000	0.000000000000000	0.9580759551590026	1	0.0004268032437046522	0.0001	0.0	56
2344	0.000000000000000	0.000000000000000	0.9580759551590026	1	0.0004266211604095563	0.0001	0.0	56
2345	0.000000000000000	0.000000000000000	0.9580759551590026	1	0.00042643923240938164	0.0001	0.0	56
2346	0.000000000000000	0.000000000000000	0.9580759551590026	1	0.00042625745950554135	0.0001	0.0	56
2347	0.000000000000000	0.000000000000000	0.9580759551590026	1	0.00042607584149978694	0.0001	0.0	56
2348	0.000000000000000	0.000000000000000	0.9580759551590026	1	0.00042589437819420784	0.0001	0.0	56
2349	0.000000000000000	0.000000000000000	0.9580759551590026	1	0.0004257130693912303	0.0001	0.0	56
2350	0.000000000000000	0.000000000000000	0.9580759551590026	1	0.000425531914893617	0.0001	0.0	56
2351	0.000000000000000	0.000000000000000	0.9580759551590026	1	0.0004253509145044662	0.0001	0.0	56
2352	0.000000000000000	0.000000000000000	0.9580759551590026	1	0.00042517006802721087	0.0001	0.0	56
2353	0.000000000000000	0.000000000000000	0.9580759551590026	1	0.00042498937526561835	0.0001	0.0	56
2354	0.000000000000000	0.000000000000000	0.9580759551590026	1	0.0004248088360237893	0.0001	0.0	56
2355	0.000000000000000	0.000000000000000	0.9580759551590026	1	0.0004246284501061571	0.0001	0.0	56
2356	0.000000000000000	0.000000000000000	0.9580759551590026	1	0.00042444821731748726	0.0001	0.0	56
2357	0.000000000000000	0.000000000000000	0.9580759551590026	1	0.00042426813746287653	0.0001	0.0	56
2358	0.000000000000000	0.000000000000000	0.9580759551590026	1	0.00042408821034775233	0.0001	0.0	56
2359	0.000000000000000	0.000000000000000	0.9580759551590026	1	0.000423908435777872	0.0001	0.0	56
2360	0.000000000000000	0.000000000000000	0.9580759551590026	1	0.000423728813559322	0.0001	0.0	56
2361	0.000000000000000	0.000000000000000	0.9580759551590026	1	0.00042354934349851756	0.0001	0.0	56
2362	0.000000000000000	0.000000000000000	0.9580759551590026	1	0.0004233700254022015	0.0001	0.0	56
2363	0.000000000000000	0.000000000000000	0.9580759551590026	1	0.00042319085907744394	0.0001	0.0	56
2364	0.000000000000000	0.000000000000000	0.9580759551590026	1	0.00042301184433164127	0.0001	0.0	56
2365	0.000000000000000	0.000000000000000	0.9580759551590026	1	0.00042283298097251583	0.0001	0.0	56
2366	0.000000000000000	0.000000000000000	0.9580759551590026	1	0.00042265426880811494	0.0001	0.0	56
2367	0.000000000000000	0.000000000000000	0.9580759551590026	1	0.0004224757076468103	0.0001	0.0	56
2368	0.000000000000000	0.000000000000000	0.9580759551590026	1	0.0004222972972972973	0.0001	0.0	56
2369	0.000000000000000	0.000000000000000	0.9580759551590026	1	0.00042211903756859433	0.0001	0.0	56
2370	0.000000000000000	0.000000000000000	0.9580759551590026	1	0.0004219409282700422	0.0001	0.0	56
2371	0.000000000000000	0.000000000000000	0.9580759551590026	1	0.00042176296921130323	0.0001	0.0	56
2372	0.000000000000000	0.000000000000000	0.9580759551590026	1	0.00042158516020236085	0.0001	0.0	56
2373	0.000000000000000	0.000000000000000	0.9580759551590026	1	0.00042140750105351877	0.0001	0.0	56
2374	0.000000000000000	0.000000000000000	0.9580759551590026	1	0.00042122999157540015	0.0001	0.0	56
2375	0.000000000000000	0.000000000000000	0.9580759551590026	1	0.0004210526315789474	0.0001	0.0	56
2376	0.000000000000000	0.000000000000000	0.9580759551590026	1	0.00042087542087542086	0.0001	0.0	56
2377	0.000000000000000	0.000000000000000	0.9580759551590026	1	0.00042069835927639884	0.0001	0.0	56
2378	0.000000000000000	0.000000000000000	0.9580759551590026	1	0.00042052144659377626	0.0001	0.0	56
2379	0.000000000000000	0.000000000000000	0.9580759551590026	1	0.0004203446826397646	0.0001	0.0	56
2380	0.000000000000000	0.000000000000000	0.9580759551590026	1	0.0004201680672268908	0.0001	0.0	56
2381	0.000000000000000	0.000000000000000	0.9580759551590026	1	0.00041999160016799666	0.0001	0.0	56
2382	0.000000000000000	0.000000000000000	0.9580759551590026	1	0.00041981528127623844	0.0001	0.0	56
2383	0.000000000000000	0.000000000000000	0.9580759551590026	1	0.000419639110365086	0.0001	0.0	56
2384	0.000000000000000	0.000000000000000	0.9580759551590026	1	0.00041946308724832214	0.0001	0.0	56
2385	0.000000000000000	0.000000000000000	0.9580759551590026	1	0.0004192872117400419	0.0001	0.0	56
2386	0.000000000000000	0.000000000000000	0.9580759551590026	1	0.00041911148365465214	0.0001	0.0	56
2387	0.000000000000000	0.000000000000000	0.9580759551590026	1	0.00041893590280687055	0.0001	0.0	56
2388	0.000000000000000	0.000000000000000	0.9580759551590026	1	0.0004187604690117253	0.0001	0.0	56
2389	0.000000000000000	0.000000000000000	0.9580759551590026	1	0.0004185851820845542	0.0001	0.0	56
2390	0.000000000000000	0.000000000000000	0.9580759551590026	1	0.00041841004184100416	0.0001	0.0	56
2391	0.000000000000000	0.000000000000000	0.9580759551590026	1	0.0004182350480970305	0.0001	0.0	56
2392	0.000000000000000	0.000000000000000	0.9580759551590026	1	0.0004180602006688963	0.0001	0.0	56
2393	0.000000000000000	0.000000000000000	0.9580759551590026	1	0.0004178854993731718	0.0001	0.0	56
2394	0.000000000000000	0.000000000000000	0.9580759551590026	1	0.0004177109440267335	0.0001	0.0	56
2395	0.000000000000000	0.000000000000000	0.9580759551590026	1	0.0004175365344467641	0.0001	0.0	56
2396	0.000000000000000	0.000000000000000	0.9580759551590026	1	0.00041736227045075126	0.0001	0.0	56
2397	0.000000000000000	0.000000000000000	0.9580759551590026	1	0.00041718815185648727	0.0001	0.0	56
2398	0.000000000000000	0.000000000000000	0.9580759551590026	1	0.0004170141784820684	0.0001	0.0	56
2399	0.000000000000000	0.000000000000000	0.9580759551590026	1	0.00041684035014589413	0.0001	0.0	56
2400	0.000000000000000	0.000000000000000	0.9580759551590026	1	0.0004166666666666667	0.0001	0.0	56
2401	0.000000000000000	0.000000000000000	0.9580759551590026	1	0.00041649312786339027	0.0001	0.0	56
2402	0.000000000000000	0.000000000000000	0.9580759551590026	1	0.00041631973355537054	0.0001	0.0	56
2403	0.000000000000000	0.000000000000000	0.9580759551590026	1	0.0004161464835622139	0.0001	0.0	56
2404	0.000000000000000	0.000000000000000	0.9580759551590026	1	0.00041597337770382697	0.0001	0.0	56
2405	0.000000000000000	0.000000000000000	0.9580759551590026	1	0.0004158004158004158	0.0001	0.0	56
2406	0.000000000000000	0.000000000000000	0.9580759551590026	1	0.00041562759767248546	0.0001	0.0	56
2407	0.000000000000000	0.000000000000000	0.9580759551590026	1	0.0004154549231408392	0.0001	0.0	56
2408	0.000000000000000	0.000000000000000	0.9580759551590026	1	0.0004152823920265781	0.0001	0.0	56
2409	0.000000000000000	0.000000000000000	0.9580759551590026	1	0.00041511000415110004	0.0001	0.0	56
2410	0.000000000000000	0.000000000000000	0.9580759551590026	1	0.0004149377593360996	0.0001	0.0	56
2411	0.000000000000000	0.000000000000000	0.9580759551590026	1	0.00041476565740356696	0.0001	0.0	56
2412	0.000000000000000	0.000000000000000	0.9580759551590026	1	0.00041459369817578774	0.0001	0.0	56
2413	0.000000000000000	0.000000000000000	0.9580759551590026	1	0.0004144218814753419	0.0001	0.0	56
2414	0.000000000000000	0.000000000000000	0.9580759551590026	1	0.00041425020712510354	0.0001	0.0	56
2415	0.000000000000000	0.000000000000000	0.9580759551590026	1	0.00041407867494824016	0.0001	0.0	56
2416	0.000000000000000	0.000000000000000	0.9580759551590026	1	0.0004139072847682119	0.0001	0.0	56
2417	0.000000000000000	0.000000000000000	0.9580759551590026	1	0.0004137360364087712	0.0001	0.0	56
2418	0.000000000000000	0.000000000000000	0.9580759551590026	1	0.00041356492969396195	0.0001	0.0	56
2419	0.000000000000000	0.000000000000000	0.9580759551590026	1	0.00041339396444811904	0.0001	0.0	56
2420	0.000000000000000	0.000000000000000	0.9580759551590026	1	0.00041322314049586776	0.0001	0.0	56
2421	0.000000000000000	0.000000000000000	0.9580759551590026	1	0.0004130524576621231	0.0001	0.0	56
2422	0.000000000000000	0.000000000000000	0.9580759551590026	1	0.00041288191577208916	0.0001	0.0	56
2423	0.000000000000000	0.000000000000000	0.9580759551590026	1	0.0004127115146512588	0.0001	0.0	56
2424	0.000000000000000	0.000000000000000	0.9580759551590026	1	0.00041254125412541255	0.0001	0.0	56
2425	0.000000000000000	0.000000000000000	0.9580759551590026	1	0.0004123711340206186	0.0001	0.0	56
2426	0.000000000000000	0.000000000000000	0.9580759551590026	1	0.00041220115416323167	0.0001	0.0	56
2427	0.000000000000000	0.000000000000000	0.9580759551590026	1	0.00041203131437989287	0.0001	0.0	56
2428	0.000000000000000	0.000000000000000	0.9580759551590026	1	0.00041186161449752884	0.0001	0.0	56
2429	0.000000000000000	0.000000000000000	0.9580759551590026	1	0.0004116920543433512	0.0001	0.0	56
2430	0.000000000000000	0.000000000000000	0.9580759551590026	1	0.00041152263374485596	0.0001	0.0	56
2431	0.000000000000000	0.000000000000000	0.9580759551590026	1	0.00041135335252982314	0.0001	0.0	56
2432	0.000000000000000	0.000000000000000	0.9580759551590026	1	0.00041118421052631577	0.0001	0.0	56
2433	0.000000000000000	0.000000000000000	0.9580759551590026	1	0.0004110152075626798	0.0001	0.0	56
2434	0.000000000000000	0.000000000000000	0.9580759551590026	1	0.0004108463434675431	0.0001	0.0	56
2435	0.000000000000000	0.000000000000000	0.9580759551590026	1	0.0004106776180698152	0.0001	0.0	56
2436	0.000000000000000	0.000000000000000	0.9580759551590026	1	0.00041050903119868636	0.0001	0.0	56
2437	0.000000000000000	0.000000000000000	0.9580759551590026	1	0.0004103405826836274	0.0001	0.0	56
2438	0.000000000000000	0.000000000000000	0.9580759551590026	1	0.00041017227235438887	0.0001	0.0	56
2439	0.000000000000000	0.000000000000000	0.9580759551590026	1	0.0004100041000410004	0.0001	0.0	56
2440	0.000000000000000	0.000000000000000	0.9580759551590026	1	0.0004098360655737705	0.0001	0.0	56
2441	0.000000000000000	0.000000000000000	0.9580759551590026	1	0.00040966816878328555	0.0001	0.0	56
2442	0.000000000000000	0.000000000000000	0.9580759551590026	1	0.0004095004095004095	0.0001	0.0	56
2443	0.000000000000000	0.000000000000000	0.9580759551590026	1	0.00040933278755628325	0.0001	0.0	56
2444	0.000000000000000	0.000000000000000	0.9580759551590026	1	0.0004091653027823241	0.0001	0.0	56
2445	0.000000000000000	0.000000000000000	0.9580759551590026	1	0.00040899795501022495	0.0001	0.0	56
2446	0.000000000000000	0.000000000000000	0.9580759551590026	1	0.0004088307440719542	0.0001	0.0	56
2447	0.000000000000000	0.000000000000000	0.9580759551590026	1	0.0004086636697997548	0.0001	0.0	56
2448	0.000000000000000	0.000000000000000	0.9580759551590026	1	0.0004084967320261438	0.0001	0.0	56
2449	0.000000000000000	0.000000000000000	0.9580759551590026	1	0.0004083299305839118	0.0001	0.0	56
2450	0.000000000000000	0.000000000000000	0.9580759551590026	1	0.00040816326530612246	0.0001	0.0	56
2451	0.000000000000000	0.000000000000000	0.9580759551590026	1	0.0004079967360261118	0.0001	0.0	56
2452	0.000000000000000	0.000000000000000	0.9580759551590026	1	0.0004078303425774878	0.0001	0.0	56
2453	0.000000000000000	0.000000000000000	0.9580759551590026	1	0.00040766408479412964	0.0001	0.0	56
2454	0.000000000000000	0.000000000000000	0.9580759551590026	1	0.00040749796251018743	0.0001	0.0	56
2455	0.000000000000000	0.000000000000000	0.9580759551590026	1	0.0004073319755600815	0.0001	0.0	56
2456	0.000000000000000	0.000000000000000	0.9580759551590026	1	0.00040716612377850165	0.0001	0.0	56
2457	0.000000000000000	0.000000000000000	0.9580759551590026	1	0.000407000407000407	0.0001	0.0	56
2458	0.000000000000000	0.000000000000000	0.9580759551590026	1	0.0004068348250610252	0.0001	0.0	56
2459	0.000000000000000	0.000000000000000	0.9580759551590026	1	0.00040666937779585197	0.0001	0.0	56
2460	0.000000000000000	0.000000000000000	0.9580759551590026	1	0.0004065040650406504	0.0001	0.0	56
2461	0.000000000000000	0.000000000000000	0.9580759551590026	1	0.0004063388866314506	0.0001	0.0	56
2462	0.000000000000000	0.000000000000000	0.9580759551590026	1	0.00040617384240454913	0.0001	0.0	56
2463	0.000000000000000	0.000000000000000	0.9580759551590026	1	0.0004060089321965083	0.0001	0.0	56
2464	0.000000000000000	0.000000000000000	0.9580759551590026	1	0.00040584415584415587	0.0001	0.0	56
2465	0.000000000000000	0.000000000000000	0.9580759551590026	1	0.00040567951318458417	0.0001	0.0	56
2466	0.000000000000000	0.000000000000000	0.9580759551590026	1	0.00040551500405515005	0.0001	0.0	56
2467	0.000000000000000	0.000000000000000	0.9580759551590026	1	0.00040535062829347385	0.0001	0.0	56
2468	0.000000000000000	0.000000000000000	0.9580759551590026	1	0.0004051863857374392	0.0001	0.0	56
2469	0.000000000000000	0.000000000000000	0.9580759551590026	1	0.0004050222762251924	0.0001	0.0	56
2470	0.000000000000000	0.000000000000000	0.9580759551590026	1	0.0004048582995951417	0.0001	0.0	56
2471	0.000000000000000	0.000000000000000	0.9580759551590026	1	0.0004046944556859571	0.0001	0.0	56
2472	0.000000000000000	0.000000000000000	0.9580759551590026	1	0.0004045307443365696	0.0001	0.0	56
2473	0.000000000000000	0.000000000000000	0.9580759551590026	1	0.0004043671653861706	0.0001	0.0	56
2474	0.000000000000000	0.000000000000000	0.9580759551590026	1	0.0004042037186742118	0.0001	0.0	56
2475	0.000000000000000	0.000000000000000	0.9580759551590026	1	0.00040404040404040404	0.0001	0.0	56
2476	0.000000000000000	0.000000000000000	0.9580759551590026	1	0.0004038772213247173	0.0001	0.0	56
2477	0.000000000000000	0.000000000000000	0.9580759551590026	1	0.0004037141703673799	0.0001	0.0	56
2478	0.000000000000000	0.000000000000000	0.9580759551590026	1	0.0004035512510088781	0.0001	0.0	56
2479	0.000000000000000	0.000000000000000	0.9580759551590026	1	0.0004033884630899556	0.0001	0.0	56
2480	0.000000000000000	0.000000000000000	0.9580759551590026	1	0.0004032258064516129	0.0001	0.0	56
2481	0.000000000000000	0.000000000000000	0.9580759551590026	1	0.00040306328093510683	0.0001	0.0	56
2482	0.000000000000000	0.000000000000000	0.9580759551590026	1	0.00040290088638195	0.0001	0.0	56
2483	0.000000000000000	0.000000000000000	0.9580759551590026	1	0.0004027386226339106	0.0001	0.0	56
2484	0.000000000000000	0.000000000000000	0.9580759551590026	1	0.00040257648953301127	0.0001	0.0	56
2485	0.000000000000000	0.000000000000000	0.9580759551590026	1	0.00040241448692152917	0.0001	0.0	56
2486	0.000000000000000	0.000000000000000	0.9580759551590026	1	0.00040225261464199515	0.0001	0.0	56
2487	0.000000000000000	0.000000000000000	0.9580759551590026	1	0.0004020908725371934	0.0001	0.0	56
2488	0.000000000000000	0.000000000000000	0.9580759551590026	1	0.00040192926045016077	0.0001	0.0	56
2489	0.000000000000000	0.000000000000000	0.9580759551590026	1	0.0004017677782241864	0.0001	0.0	56
2490	0.000000000000000	0.000000000000000	0.9580759551590026	1	0.00040160642570281126	0.0001	0.0	56
2491	0.000000000000000	0.000000000000000	0.9580759551590026	1	0.0004014452027298274	0.0001	0.0	56
2492	0.000000000000000	0.000000000000000	0.9580759551590026	1	0.0004012841091492777	0.0001	0.0	56
2493	0.000000000000000	0.000000000000000	0.9580759551590026	1	0.00040112314480545525	0.0001	0.0	56
2494	0.000000000000000	0.000000000000000	0.9580759551590026	1	0.00040096230954290296	0.0001	0.0	56
2495	0.000000000000000	0.000000000000000	0.9580759551590026	1	0.0004008016032064128	0.0001	0.0	56
2496	0.000000000000000	0.000000000000000	0.9580759551590026	1	0.00040064102564102563	0.0001	0.0	56
2497	0.000000000000000	0.000000000000000	0.9580759551590026	1	0.00040048057669203043	0.0001	0.0	56
2498	0.000000000000000	0.000000000000000	0.9580759551590026	1	0.00040032025620496394	0.0001	0.0	56
2499	0.000000000000000	0.000000000000000	0.9580759551590026	1	0.00040016006402561027	0.0001	0.0	56
2500	0.000000000000000	0.000000000000000	0.9580759551590026	1	0.0004	0.0001	0.0	56
2501	0.000000000000000	0.000000000000000	0.9580759551590026	1	0.00039984006397441024	0.0001	0.0	56
2502	0.000000000000000	0.000000000000000	0.9580759551590026	1	0.0003996802557953637	0.0001	0.0	56
2503	0.000000000000000	0.000000000000000	0.9580759551590026	1	0.00039952057530962844	0.0001	0.0	56
2504	0.000000000000000	0.000000000000000	0.9580759551590026	1	0.00039936102236421724	0.0001	0.0	56
2505	0.000000000000000	0.000000000000000	0.9580759551590026	1	0.0003992015968063872	0.0001	0.0	56
2506	0.000000000000000	0.000000000000000	0.9580759551590026	1	0.0003990422984836393	0.0001	0.0	56
2507	0.000000000000000	0.000000000000000	0.0	0	0.0007977662544874351	0.0001	0.0	56
2508	0.000000000000000	0.000000000000000	0.0	0	0.0007974481658692185	0.0001	0.0	56
2509	0.000000000000000	0.000000000000000	0.0	0	0.0007971303308090873	0.0001	0.0	56
2510	0.000000000000000	0.000000000000000	0.0	0	0.0007968127490039841	0.0001	0.0	56
2511	0.000000000000000	0.000000000000000	0.0	0	0.0007964954201513341	0.0001	0.0	56
2512	0.000000000000000	0.000000000000000	0.0	0	0.0007961783439490446	0.0001	0.0	56
2513	0.000000000000000	0.000000000000000	0.0	0	0.0007958615200955034	0.0001	0.0	56
2514	0.000000000000000	0.000000000000000	0.0	0	0.0007955449482895784	0.0001	0.0	56
2515	0.000000000000000	0.000000000000000	0.0	0	0.0007952286282306163	0.0001	0.0	56
2516	0.000000000000000	0.000000000000000	0.0	0	0.000794912559618442	0.0001	0.0	56
2517	0.000000000000000	0.000000000000000	0.0	0	0.0007945967421533572	0.0001	0.0	56
2518	0.000000000000000	0.000000000000000	0.0	0	0.0007942811755361397	0.0001	0.0	56
2519	0.000000000000000	0.000000000000000	0.0	0	0.0007939658594680428	0.0001	0.0	56
2520	0.000000000000000	0.000000000000000	0.0	0	0.0007936507936507937	0.0001	0.0	56
2521	0.000000000000000	0.000000000000000	0.0	0	0.0007933359777865926	0.0001	0.0	56
2522	0.000000000000000	0.000000000000000	0.0	0	0.0007930214115781126	0.0001	0.0	56
2523	0.000000000000000	0.000000000000000	0.0	0	0.0007927070947284979	0.0001	0.0	56
2524	0.000000000000000	0.000000000000000	0.0	0	0.000792393026941363	0.0001	0.0	56
2525	0.000000000000000	0.000000000000000	0.0	0	0.0007920792079207921	0.0001	0.0	56
2526	0.000000000000000	0.000000000000000	0.0	0	0.000791765637371338	0.0001	0.0	56
2527	0.000000000000000	0.000000000000000	0.0	0	0.0007914523149980214	0.0001	0.0	56
2528	0.000000000000000	0.000000000000000	0.0	0	0.0007911392405063291	0.0001	0.0	56
2529	0.000000000000000	0.000000000000000	0.0	0	0.0007908264136022143	0.0001	0.0	56
2530	0.000000000000000	0.000000000000000	0.0	0	0.0007905138339920949	0.0001	0.0	56
2531	0.000000000000000	0.000000000000000	0.0	0	0.0007902015013828526	0.0001	0.0	56
2532	0.000000000000000	0.000000000000000	0.0	0	0.0007898894154818325	0.0001	0.0	56
2533	0.000000000000000	0.000000000000000	0.0	0	0.0007895775759968417	0.0001	0.0	56
2534	0.000000000000000	0.000000000000000	0.0	0	0.0007892659826361484	0.0001	0.0	56
2535	0.000000000000000	0.000000000000000	0.0	0	0.0007889546351084812	0.0001	0.0	56
2536	0.000000000000000	0.000000000000000	0.0	0	0.0007886435331230284	0.0001	0.0	56
2537	0.000000000000000	0.000000000000000	0.0	0	0.0007883326763894363	0.0001	0.0	56
2538	0.000000000000000	0.000000000000000	0.0	0	0.0007880220646178094	0.0001	0.0	56
2539	0.000000000000000	0.000000000000000	0.0	0	0.0007877116975187081	0.0001	0.0	56
2540	0.000000000000000	0.000000000000000	0.0	0	0.0007874015748031496	0.0001	0.0	56
2541	0.000000000000000	0.000000000000000	0.0	0	0.0007870916961826052	0.0001	0.0	56
2542	0.000000000000000	0.000000000000000	0.0	0	0.0007867820613690008	0.0001	0.0	56
2543	0.000000000000000	0.000000000000000	0.0	0	0.0007864726700747149	0.0001	0.0	56
2544	0.000000000000000	0.000000000000000	0.0	0	0.0007861635220125787	0.0001	0.0	56
2545	0.000000000000000	0.000000000000000	0.0	0	0.0007858546168958742	0.0001	0.0	56
2546	0.000000000000000	0.000000000000000	0.0	0	0.0007855459544383347	0.0001	0.0	56
2547	0.000000000000000	0.000000000000000	0.0	0	0.0007852375343541421	0.0001	0.0	56
2548	0.000000000000000	0.000000000000000	0.0	0	0.0007849293563579278	0.0001	0.0	56
2549	0.000000000000000	0.000000000000000	0.0	0	0.0007846214201647705	0.0001	0.0	56
2550	0.000000000000000	0.000000000000000	0.0	0	0.000784313725490196	0.0001	0.0	56
2551	0.000000000000000	0.000000000000000	0.0	0	0.0007840062720501764	0.0001	0.0	56
2552	0.000000000000000	0.000000000000000	0.0	0	0.0007836990595611285	0.0001	0.0	56
2553	0.000000000000000	0.000000000000000	0.0	0	0.0007833920877399138	0.0001	0.0	56
2554	0.000000000000000	0.000000000000000	0.0	0	0.0007830853563038371	0.0001	0.0	56
2555	0.000000000000000	0.000000000000000	0.0	0	0.0007827788649706458	0.0001	0.0	56
2556	0.000000000000000	0.000000000000000	0.0	0	0.000782472613458529	0.0001	0.0	56
2557	0.000000000000000	0.000000000000000	0.0	0	0.0007821666014861165	0.0001	0.0	56
2558	0.000000000000000	0.000000000000000	0.0	0	0.0007818608287724785	0.0001	0.0	56
2559	0.000000000000000	0.000000000000000	0.0	0	0.0007815552950371239	0.0001	0.0	56
2560	0.000000000000000	0.000000000000000	0.0	0	0.00078125	0.0001	0.0	56
2561	0.000000000000000	0.000000000000000	0.0	0	0.0007809449433814916	0.0001	0.0	56
2562	0.000000000000000	0.000000000000000	0.0	0	0.00078064012490242	0.0001	0.0	56
2563	0.000000000000000	0.000000000000000	0.0	0	0.0007803355442840422	0.0001	0.0	56
2564	0.000000000000000	0.000000000000000	0.0	0	0.00078003120124805	0.0001	0.0	56
2565	0.000000000000000	0.000000000000000	0.0	0	0.0007797270955165692	0.0001	0.0	56
2566	0.000000000000000	0.000000000000000	0.0	0	0.000779423226812159	0.0001	0.0	56
2567	0.000000000000000	0.000000000000000	0.0	0	0.0007791195948578107	0.0001	0.0	56
2568	0.000000000000000	0.000000000000000	0.0	0	0.000778816199376947	0.0001	0.0	56
2569	0.000000000000000	0.000000000000000	0.0	0	0.0007785130400934215	0.0001	0.0	56
2570	0.000000000000000	0.000000000000000	0.0	0	0.0007782101167315176	0.0001	0.0	56
2571	0.000000000000000	0.000000000000000	0.0	0	0.0007779074290159471	0.0001	0.0	56
2572	0.000000000000000	0.000000000000000	0.0	0	0.0007776049766718507	0.0001	0.0	56
2573	0.000000000000000	0.000000000000000	0.0	0	0.000777302759424796	0.0001	0.0	56
2574	0.000000000000000	0.000000000000000	0.0	0	0.000777000777000777	0.0001	0.0	56
2575	0.000000000000000	0.000000000000000	0.0	0	0.0007766990291262136	0.0001	0.0	56
2576	0.000000000000000	0.000000000000000	0.0	0	0.0007763975155279503	0.0001	0.0	56
2577	0.000000000000000	0.000000000000000	0.0	0	0.0007760962359332557	0.0001	0.0	56
2578	0.000000000000000	0.000000000000000	0.0	0	0.0007757951900698216	0.0001	0.0	56
2579	0.000000000000000	0.000000000000000	0.0	0	0.0007754943776657619	0.0001	0.0	56
2580	0.000000000000000	0.000000000000000	0.0	0	0.0007751937984496124	0.0001	0.0	56
2581	0.000000000000000	0.000000000000000	0.0	0	0.0007748934521503294	0.0001	0.0	56
2582	0.000000000000000	0.000000000000000	0.0	0	0.000774593338497289	0.0001	0.0	56
2583	0.000000000000000	0.000000000000000	0.0	0	0.0007742934572202865	0.0001	0.0	56
2584	0.000000000000000	0.000000000000000	0.0	0	0.0007739938080495357	0.0001	0.0	56
2585	0.000000000000000	0.000000000000000	0.0	0	0.0007736943907156673	0.0001	0.0	56
2586	0.000000000000000	0.000000000000000	0.0	0	0.0007733952049497294	0.0001	0.0	56
2587	0.000000000000000	0.000000000000000	0.0	0	0.0007730962504831851	0.0001	0.0	56
2588	0.000000000000000	0.000000000000000	0.0	0	0.0007727975270479134	0.0001	0.0	56
2589	0.000000000000000	0.000000000000000	0.0	0	0.000772499034376207	0.0001	0.0	56
2590	0.000000000000000	0.000000000000000	0.0	0	0.0007722007722007722	0.0001	0.0	56
2591	0.000000000000000	0.000000000000000	0.0	0	0.0007719027402547279	0.0001	0.0	56
2592	0.000000000000000	0.000000000000000	0.0	0	0.0007716049382716049	0.0001	0.0	56
2593	0.000000000000000	0.000000000000000	0.0	0	0.0007713073659853452	0.0001	0.0	56
2594	0.000000000000000	0.000000000000000	0.0	0	0.0007710100231303007	0.0001	0.0	56
2595	0.000000000000000	0.000000000000000	0.0	0	0.0007707129094412332	0.0001	0.0	56
2596	0.000000000000000	0.000000000000000	0.0	0	0.0007704160246533128	0.0001	0.0	56
2597	0.000000000000000	0.000000000000000	0.0	0	0.0007701193685021178	0.0001	0.0	56
2598	0.000000000000000	0.000000000000000	0.0	0	0.0007698229407236335	0.0001	0.0	56
2599	0.000000000000000	0.000000000000000	0.0	0	0.0007695267410542517	0.0001	0.0	56
2600	0.000000000000000	0.000000000000000	0.0	0	0.0007692307692307692	0.0001	0.0	56
2601	0.000000000000000	0.000000000000000	0.0	0	0.0007689350249903883	0.0001	0.0	56
2602	0.000000000000000	0.000000000000000	0.0	0	0.0007686395080707148	0.0001	0.0	56
2603	0.000000000000000	0.000000000000000	0.0	0	0.000768344218209758	0.0001	0.0	56
2604	0.000000000000000	0.000000000000000	0.0	0	0.0007680491551459293	0.0001	0.0	56
2605	0.000000000000000	0.000000000000000	0.0	0	0.0007677543186180423	0.0001	0.0	56
2606	0.000000000000000	0.000000000000000	0.0	0	0.0007674597083653108	0.0001	0.0	56
2607	0.000000000000000	0.000000000000000	0.0	0	0.0007671653241273494	0.0001	0.0	56
2608	0.000000000000000	0.000000000000000	0.0	0	0.0007668711656441718	0.0001	0.0	56
2609	0.000000000000000	0.000000000000000	0.0	0	0.0007665772326561902	0.0001	0.0	56
2610	0.000000000000000	0.000000000000000	0.0	0	0.0007662835249042146	0.0001	0.0	56
2611	0.000000000000000	0.000000000000000	0.0	0	0.0007659900421294523	0.0001	0.0	56
2612	0.000000000000000	0.000000000000000	0.0	0	0.0007656967840735069	0.0001	0.0	56
2613	0.000000000000000	0.000000000000000	0.0	0	0.0007654037504783774	0.0001	0.0	56
2614	0.000000000000000	0.000000000000000	0.0	0	0.0007651109410864575	0.0001	0.0	56
2615	0.000000000000000	0.000000000000000	0.0	0	0.0007648183556405354	0.0001	0.0	56
2616	0.000000000000000	0.000000000000000	0.0	0	0.0007645259938837921	0.0001	0.0	56
2617	0.000000000000000	0.000000000000000	0.0	0	0.0007642338555598013	0.0001	0.0	56
2618	0.000000000000000	0.000000000000000	0.0	0	0.0007639419404125286	0.0001	0.0	56
2619	0.000000000000000	0.000000000000000	0.0	0	0.0007636502481863307	0.0001	0.0	56
2620	0.000000000000000	0.000000000000000	0.0	0	0.0007633587786259542	0.0001	0.0	56
2621	0.000000000000000	0.000000000000000	0.0	0	0.0007630675314765357	0.0001	0.0	56
2622	0.000000000000000	0.000000000000000	0.0	0	0.0007627765064836003	0.0001	0.0	56
2623	0.000000000000000	0.000000000000000	0.0	0	0.0007624857033930614	0.0001	0.0	56
2624	0.000000000000000	0.000000000000000	0.0	0	0.0007621951219512195	0.0001	0.0	56
2625	0.000000000000000	0.000000000000000	0.0	0	0.0007619047619047619	0.0001	0.0	56
2626	0.000000000000000	0.000000000000000	0.0	0	0.0007616146230007616	0.0001	0.0	56
2627	0.000000000000000	0.000000000000000	0.0	0	0.0007613247049866769	0.0001	0.0	56
2628	0.000000000000000	0.000000000000000	0.0	0	0.00076103500761035	0.0001	0.0	56
2629	0.000000000000000	0.000000000000000	0.0	0	0.0007607455306200076	0.0001	0.0	56
2630	0.000000000000000	0.000000000000000	0.0	0	0.0007604562737642585	0.0001	0.0	56
2631	0.000000000000000	0.000000000000000	0.0	0	0.0007601672367920942	0.0001	0.0	56
2632	0.000000000000000	0.000000000000000	0.0	0	0.0007598784194528875	0.0001	0.0	56
2633	0.000000000000000	0.000000000000000	0.0	0	0.0007595898214963919	0.0001	0.0	56
2634	0.000000000000000	0.000000000000000	0.0	0	0.0007593014426727411	0.0001	0.0	56
2635	0.000000000000000	0.000000000000000	0.0	0	0.0007590132827324478	0.0001	0.0	56
2636	0.000000000000000	0.000000000000000	0.0	0	0.0007587253414264037	0.0001	0.0	56
2637	0.000000000000000	0.000000000000000	0.0	0	0.0007584376185058779	0.0001	0.0	56
2638	0.000000000000000	0.000000000000000	0.0	0	0.000758150113722517	0.0001	0.0	56
2639	0.000000000000000	0.000000000000000	0.0	0	0.0007578628268283441	0.0001	0.0	56
2640	0.000000000000000	0.000000000000000	0.0	0	0.0007575757575757576	0.0001	0.0	56
2641	0.000000000000000	0.000000000000000	0.0	0	0.0007572889057175312	0.0001	0.0	56
2642	0.000000000000000	0.000000000000000	0.0	0	0.000757002271006813	0.0001	0.0	56
2643	0.000000000000000	0.000000000000000	0.0	0	0.0007567158531971245	0.0001	0.0	56
2644	0.000000000000000	0.000000000000000	0.0	0	0.0007564296520423601	0.0001	0.0	56
2645	0.000000000000000	0.000000000000000	0.0	0	0.0007561436672967864	0.0001	0.0	56
2646	0.000000000000000	0.000000000000000	0.0	0	0.0007558578987150416	0.0001	0.0	56
2647	0.000000000000000	0.000000000000000	0.0	0	0.0007555723460521345	0.0001	0.0	56
2648	0.000000000000000	0.000000000000000	0.0	0	0.0007552870090634441	0.0001	0.0	56
2649	0.000000000000000	0.000000000000000	0.0	0	0.0007550018875047187	0.0001	0.0	56
2650	0.000000000000000	0.000000000000000	0.0	0	0.0007547169811320754	0.0001	0.0	56
2651	0.000000000000000	0.000000000000000	0.0	0	0.0007544322897019992	0.0001	0.0	56
2652	0.000000000000000	0.000000000000000	0.0	0	0.0007541478129713424	0.0001	0.0	56
2653	0.000000000000000	0.000000000000000	0.0	0	0.0007538635506973238	0.0001	0.0	56
2654	0.000000000000000	0.000000000000000	0.0	0	0.0007535795026375283	0.0001	0.0	56
2655	0.000000000000000	0.000000000000000	0.0	0	0.0007532956685499058	0.0001	0.0	56
2656	0.000000000000000	0.000000000000000	0.0	0	0.0007530120481927711	0.0001	0.0	56
2657	0.000000000000000	0.000000000000000	0.0	0	0.0007527286413248024	0.0001	0.0	56
2658	0.000000000000000	0.000000000000000	0.0	0	0.0007524454477050414	0.0001	0.0	56
2659	0.000000000000000	0.000000000000000	0.0	0	0.000752162467092892	0.0001	0.0	56
2660	0.000000000000000	0.000000000000000	0.0	0	0.0007518796992481203	0.0001	0.0	56
2661	0.000000000000000	0.000000000000000	0.0	0	0.000751597143930853	0.0001	0.0	56
2662	0.000000000000000	0.000000000000000	0.0	0	0.0007513148009015778	0.0001	0.0	56
2663	0.000000000000000	0.000000000000000	0.0	0	0.0007510326699211416	0.0001	0.0	56
2664	0.000000000000000	0.000000000000000	0.0	0	0.0007507507507507507	0.0001	0.0	56
2665	0.000000000000000	0.000000000000000	0.0	0	0.00075046904315197	0.0001	0.0	56
2666	0.000000000000000	0.000000000000000	0.0	0	0.0007501875468867217	0.0001	0.0	56
2667	0.000000000000000	0.000000000000000	0.0	0	0.0007499062617172854	0.0001	0.0	56
2668	0.000000000000000	0.000000000000000	0.0	0	0.0007496251874062968	0.0001	0.0	56
2669	0.000000000000000	0.000000000000000	0.0	0	0.0007493443237167478	0.0001	0.0	56
2670	0.000000000000000	0.000000000000000	0.0	0	0.000749063670411985	0.0001	0.0	56
2671	0.000000000000000	0.000000000000000	0.0	0	0.0007487832272557095	0.0001	0.0	56
2672	0.000000000000000	0.000000000000000	0.0	0	0.0007485029940119761	0.0001	0.0	56
2673	0.000000000000000	0.000000000000000	0.0	0	0.0007482229704451926	0.0001	0.0	56
2674	0.000000000000000	0.000000000000000	0.0	0	0.0007479431563201197	0.0001	0.0	56
2675	0.000000000000000	0.000000000000000	0.0	0	0.0007476635514018691	0.0001	0.0	56
2676	0.000000000000000	0.000000000000000	0.0	0	0.0007473841554559044	0.0001	0.0	56
2677	0.000000000000000	0.000000000000000	0.0	0	0.0007471049682480389	0.0001	0.0	56
2678	0.000000000000000	0.000000000000000	0.0	0	0.0007468259895444362	0.0001	0.0	56
2679	0.000000000000000	0.000000000000000	0.0	0	0.0007465472191116088	0.0001	0.0	56
2680	0.000000000000000	0.000000000000000	0.0	0	0.0007462686567164179	0.0001	0.0	56
2681	0.000000000000000	0.000000000000000	0.0	0	0.0007459903021260724	0.0001	0.0	56
2682	0.000000000000000	0.000000000000000	0.0	0	0.0007457121551081282	0.0001	0.0	56
2683	0.000000000000000	0.000000000000000	0.0	0	0.0007454342154304882	0.0001	0.0	56
2684	0.000000000000000	0.000000000000000	0.0	0	0.0007451564828614009	0.0001	0.0	56
2685	0.000000000000000	0.000000000000000	0.0	0	0.0007448789571694599	0.0001	0.0	56
2686	0.000000000000000	0.000000000000000	0.0	0	0.0007446016381236039	0.0001	0.0	56
2687	0.000000000000000	0.000000000000000	0.0	0	0.000744324525493115	0.0001	0.0	56
2688	0.000000000000000	0.000000000000000	0.0	0	0.000744047619047619	0.0001	0.0	56
2689	0.000000000000000	0.000000000000000	0.0	0	0.0007437709185570844	0.0001	0.0	56
2690	0.000000000000000	0.000000000000000	0.0	0	0.0007434944237918215	0.0001	0.0	56
2691	0.000000000000000	0.000000000000000	0.0	0	0.0007432181345224824	0.0001	0.0	56
2692	0.000000000000000	0.000000000000000	0.0	0	0.0007429420505200594	0.0001	0.0	56
2693	0.000000000000000	0.000000000000000	0.0	0	0.0007426661715558856	0.0001	0.0	56
2694	0.000000000000000	0.000000000000000	0.0	0	0.0007423904974016332	0.0001	0.0	56
2695	0.000000000000000	0.000000000000000	0.0	0	0.0007421150278293135	0.0001	0.0	56
2696	0.000000000000000	0.000000000000000	0.0	0	0.000741839762611276	0.0001	0.0	56
2697	0.000000000000000	0.000000000000000	0.0	0	0.0007415647015202076	0.0001	0.0	56
2698	0.000000000000000	0.000000000000000	0.0	0	0.0007412898443291327	0.0001	0.0	56
2699	0.000000000000000	0.000000000000000	0.0	0	0.0007410151908114116	0.0001	0.0	56
2700	0.000000000000000	0.000000000000000	0.0	0	0.0007407407407407407	0.0001	0.0	56
2701	0.000000000000000	0.000000000000000	0.0	0	0.0007404664938911515	0.0001	0.0	56
2702	0.000000000000000	0.000000000000000	0.0	0	0.0007401924500370096	0.0001	0.0	56
2703	0.000000000000000	0.000000000000000	0.0	0	0.0007399186089530152	0.0001	0.0	56
2704	0.000000000000000	0.000000000000000	0.0	0	0.0007396449704142012	0.0001	0.0	56
2705	0.000000000000000	0.000000000000000	0.0	0	0.0007393715341959334	0.0001	0.0	56
2706	0.000000000000000	0.000000000000000	0.0	0	0.0007390983000739098	0.0001	0.0	56
2707	0.000000000000000	0.000000000000000	0.0	0	0.0007388252678241596	0.0001	0.0	56
2708	0.000000000000000	0.000000000000000	0.0	0	0.0007385524372230429	0.0001	0.0	56
2709	0.000000000000000	0.000000000000000	0.0	0	0.0007382798080472499	0.0001	0.0	56
2710	0.000000000000000	0.000000000000000	0.0	0	0.0007380073800738007	0.0001	0.0	56
2711	0.000000000000000	0.000000000000000	0.0	0	0.0007377351530800443	0.0001	0.0	56
2712	0.000000000000000	0.000000000000000	0.0	0	0.0007374631268436578	0.0001	0.0	56
2713	0.000000000000000	0.000000000000000	0.0	0	0.0007371913011426465	0.0001	0.0	56
2714	0.000000000000000	0.000000000000000	0.0	0	0.0007369196757553427	0.0001	0.0	56
2715	0.000000000000000	0.000000000000000	0.0	0	0.0007366482504604051	0.0001	0.0	56
2716	0.000000000000000	0.000000000000000	0.0	0	0.0007363770250368188	0.0001	0.0	56
2717	0.000000000000000	0.000000000000000	0.0	0	0.000736105999263894	0.0001	0.0	56
2718	0.000000000000000	0.000000000000000	0.0	0	0.0007358351729212656	0.0001	0.0	56
2719	0.000000000000000	0.000000000000000	0.0	0	0.000735564545788893	0.0001	0.0	56
2720	0.000000000000000	0.000000000000000	0.0	0	0.0007352941176470588	0.0001	0.0	56
2721	0.000000000000000	0.000000000000000	0.0	0	0.000735023888276369	0.0001	0.0	56
2722	0.000000000000000	0.000000000000000	0.0	0	0.0007347538574577516	0.0001	0.0	56
2723	0.000000000000000	0.000000000000000	0.0	0	0.0007344840249724568	0.0001	0.0	56
2724	0.000000000000000	0.000000000000000	0.0	0	0.0007342143906020558	0.0001	0.0	56
2725	0.000000000000000	0.000000000000000	0.0	0	0.0007339449541284404	0.0001	0.0	56
2726	0.000000000000000	0.000000000000000	0.0	0	0.0007336757153338225	0.0001	0.0	56
2727	0.000000000000000	0.000000000000000	0.0	0	0.0007334066740007334	0.0001	0.0	56
2728	0.000000000000000	0.000000000000000	0.0	0	0.0007331378299120235	0.0001	0.0	56
2729	0.000000000000000	0.000000000000000	0.0	0	0.0007328691828508611	0.0001	0.0	56
2730	0.000000000000000	0.000000000000000	0.0	0	0.0007326007326007326	0.0001	0.0	56
2731	0.000000000000000	0.000000000000000	0.0	0	0.0007323324789454412	0.0001	0.0	56
2732	0.000000000000000	0.000000000000000	0.0	0	0.0007320644216691069	0.0001	0.0	56
2733	0.000000000000000	0.000000000000000	0.0	0	0.0007317965605561653	0.0001	0.0	56
2734	0.000000000000000	0.000000000000000	0.0	0	0.000731528895391368	0.0001	0.0	56
2735	0.000000000000000	0.000000000000000	0.0	0	0.0007312614259597807	0.0001	0.0	56
2736	0.000000000000000	0.000000000000000	0.0	0	0.0007309941520467836	0.0001	0.0	56
2737	0.000000000000000	0.000000000000000	0.0	0	0.0007307270734380709	0.0001	0.0	56
2738	0.000000000000000	0.000000000000000	0.0	0	0.0007304601899196494	0.0001	0.0	56
2739	0.000000000000000	0.000000000000000	0.0	0	0.0007301935012778386	0.0001	0.0	56
2740	0.000000000000000	0.000000000000000	0.0	0	0.00072992700729927	0.0001	0.0	56
2741	0.000000000000000	0.000000000000000	0.0	0	0.0007296607077708865	0.0001	0.0	56
2742	0.000000000000000	0.000000000000000	0.0	0	0.0007293946024799417	0.0001	0.0	56
2743	0.000000000000000	0.000000000000000	0.0	0	0.0007291286912139992	0.0001	0.0	56
2744	0.000000000000000	0.000000000000000	0.0	0	0.0007288629737609329	0.0001	0.0	56
2745	0.000000000000000	0.000000000000000	0.0	0	0.0007285974499089253	0.0001	0.0	56
2746	0.000000000000000	0.000000000000000	0.0	0	0.0007283321194464676	0.0001	0.0	56
2747	0.000000000000000	0.000000000000000	0.0	0	0.0007280669821623589	0.0001	0.0	56
2748	0.000000000000000	0.000000000000000	0.0	0	0.000727802037845706	0.0001	0.0	56
2749	0.000000000000000	0.000000000000000	0.0	0	0.0007275372862859222	0.0001	0.0	56
2750	0.000000000000000	0.000000000000000	0.0	0	0.0007272727272727272	0.0001	0.0	56
2751	0.000000000000000	0.000000000000000	0.0	0	0.0007270083605961468	0.0001	0.0	56
2752	0.000000000000000	0.000000000000000	0.0	0	0.0007267441860465116	0.0001	0.0	56
2753	0.000000000000000	0.000000000000000	0.0	0	0.000726480203414457	0.0001	0.0	56
2754	0.000000000000000	0.000000000000000	0.0	0	0.0007262164124909223	0.0001	0.0	56
2755	0.000000000000000	0.000000000000000	0.0	0	0.0007259528130671506	0.0001	0.0	56
2756	0.000000000000000	0.000000000000000	0.0	0	0.000725689404934688	0.0001	0.0	56
2757	0.000000000000000	0.000000000000000	0.0	0	0.0007254261878853826	0.0001	0.0	56
2758	0.000000000000000	0.000000000000000	0.0	0	0.0007251631617113851	0.0001	0.0	56
2759	0.000000000000000	0.000000000000000	0.0	0	0.0007249003262051468	0.0001	0.0	56
2760	0.000000000000000	0.000000000000000	0.0	0	0.0007246376811594203	0.0001	0.0	56
2761	0.000000000000000	0.000000000000000	0.0	0	0.0007243752263672582	0.0001	0.0	56
2762	0.000000000000000	0.000000000000000	0.0	0	0.000724112961622013	0.0001	0.0	56
2763	0.000000000000000	0.000000000000000	0.0	0	0.0007238508867173362	0.0001	0.0	56
2764	0.000000000000000	0.000000000000000	0.0	0	0.000723589001447178	0.0001	0.0	56
2765	0.000000000000000	0.000000000000000	0.0	0	0.0007233273056057866	0.0001	0.0	56
2766	0.000000000000000	0.000000000000000	0.0	0	0.0007230657989877079	0.0001	0.0	56
2767	0.000000000000000	0.000000000000000	0.0	0	0.0007228044813877846	0.0001	0.0	56
2768	0.000000000000000	0.000000000000000	0.0	0	0.000722543352601156	0.0001	0.0	56
2769	0.000000000000000	0.000000000000000	0.0	0	0.0007222824124232575	0.0001	0.0	56
2770	0.000000000000000	0.000000000000000	0.0	0	0.0007220216606498195	0.0001	0.0	56
2771	0.000000000000000	0.000000000000000	0.0	0	0.0007217610970768675	0.0001	0.0	56
2772	0.000000000000000	0.000000000000000	0.0	0	0.0007215007215007215	0.0001	0.0	56
2773	0.000000000000000	0.000000000000000	0.0	0	0.000721240533717995	0.0001	0.0	56
2774	0.000000000000000	0.000000000000000	0.0	0	0.0007209805335255948	0.0001	0.0	56
2775	0.000000000000000	0.000000000000000	0.0	0	0.0007207207207207207	0.0001	0.0	56
2776	0.000000000000000	0.000000000000000	0.0	0	0.0007204610951008645	0.0001	0.0	56
2777	0.000000000000000	0.000000000000000	0.0	0	0.0007202016564638099	0.0001	0.0	56
2778	0.000000000000000	0.000000000000000	0.0	0	0.0007199424046076314	0.0001	0.0	56
2779	0.000000000000000	0.000000000000000	0.0	0	0.0007196833393306944	0.0001	0.0	56
2780	0.000000000000000	0.000000000000000	0.0	0	0.0007194244604316547	0.0001	0.0	56
2781	0.000000000000000	0.000000000000000	0.0	0	0.000719165767709457	0.0001	0.0	56
2782	0.000000000000000	0.000000000000000	0.0	0	0.0007189072609633358	0.0001	0.0	56
2783	0.000000000000000	0.000000000000000	0.0	0	0.0007186489399928135	0.0001	0.0	56
2784	0.000000000000000	0.000000000000000	0.0	0	0.0007183908045977011	0.0001	0.0	56
2785	0.000000000000000	0.000000000000000	0.0	0	0.000718132854578097	0.0001	0.0	56
2786	0.000000000000000	0.000000000000000	0.0	0	0.0007178750897343862	0.0001	0.0	56
2787	0.000000000000000	0.000000000000000	0.0	0	0.0007176175098672408	0.0001	0.0	56
2788	0.000000000000000	0.000000000000000	0.0	0	0.0007173601147776184	0.0001	0.0	56
2789	0.000000000000000	0.000000000000000	0.0	0	0.0007171029042667623	0.0001	0.0	56
2790	0.000000000000000	0.000000000000000	0.0	0	0.0007168458781362007	0.0001	0.0	56
2791	0.000000000000000	0.000000000000000	0.0	0	0.0007165890361877463	0.0001	0.0	56
2792	0.000000000000000	0.000000000000000	0.0	0	0.0007163323782234957	0.0001	0.0	56
2793	0.000000000000000	0.000000000000000	0.0	0	0.0007160759040458289	0.0001	0.0	56
2794	0.000000000000000	0.000000000000000	0.0	0	0.0007158196134574087	0.0001	0.0	56
2795	0.000000000000000	0.000000000000000	0.0	0	0.0007155635062611807	0.0001	0.0	56
2796	0.000000000000000	0.000000000000000	0.0	0	0.000715307582260372	0.0001	0.0	56
2797	0.000000000000000	0.000000000000000	0.0	0	0.0007150518412584912	0.0001	0.0	56
2798	0.000000000000000	0.000000000000000	0.0	0	0.0007147962830593281	0.0001	0.0	56
2799	0.000000000000000	0.000000000000000	0.0	0	0.0007145409074669524	0.0001	0.0	56
2800	0.000000000000000	0.000000000000000	0.0	0	0.0007142857142857143	0.0001	0.0	56
2801	0.000000000000000	0.000000000000000	0.0	0	0.0007140307033202428	0.0001	0.0	56
2802	0.000000000000000	0.000000000000000	0.0	0	0.0007137758743754461	0.0001	0.0	56
2803	0.000000000000000	0.000000000000000	0.0	0	0.0007135212272565109	0.0001	0.0	56
2804	0.000000000000000	0.000000000000000	0.0	0	0.0007132667617689016	0.0001	0.0	56
2805	0.000000000000000	0.000000000000000	0.0	0	0.00071301247771836	0.0001	0.0	56
2806	0.000000000000000	0.000000000000000	0.0	0	0.0007127583749109052	0.0001	0.0	56
2807	0.000000000000000	0.000000000000000	0.0	0	0.0007125044531528322	0.0001	0.0	56
2808	0.000000000000000	0.000000000000000	0.0	0	0.0007122507122507123	0.0001	0.0	56
2809	0.000000000000000	0.000000000000000	0.0	0	0.000711997152011392	0.0001	0.0	56
2810	0.000000000000000	0.000000000000000	0.0	0	0.0007117437722419929	0.0001	0.0	56
2811	0.000000000000000	0.000000000000000	0.0	0	0.000711490572749911	0.0001	0.0	56
2812	0.000000000000000	0.000000000000000	0.0	0	0.0007112375533428165	0.0001	0.0	56
2813	0.000000000000000	0.000000000000000	0.0	0	0.0007109847138286527	0.0001	0.0	56
2814	0.000000000000000	0.000000000000000	0.0	0	0.0007107320540156361	0.0001	0.0	56
2815	0.000000000000000	0.000000000000000	0.0	0	0.0007104795737122557	0.0001	0.0	56
2816	0.000000000000000	0.000000000000000	0.0	0	0.0007102272727272727	0.0001	0.0	56
2817	0.000000000000000	0.000000000000000	0.0	0	0.0007099751508697196	0.0001	0.0	56
2818	0.000000000000000	0.000000000000000	0.0	0	0.0007097232079489	0.0001	0.0	56
2819	0.000000000000000	0.000000000000000	0.0	0	0.000709471443774388	0.0001	0.0	56
2820	0.000000000000000	0.000000000000000	0.0	0	0.0007092198581560284	0.0001	0.0	56
2821	0.000000000000000	0.000000000000000	0.0	0	0.0007089684509039348	0.0001	0.0	56
2822	0.000000000000000	0.000000000000000	0.0	0	0.0007087172218284905	0.0001	0.0	56
2823	0.000000000000000	0.000000000000000	0.0	0	0.0007084661707403471	0.0001	0.0	56
2824	0.000000000000000	0.000000000000000	0.0	0	0.000708215297450425	0.0001	0.0	56
2825	0.000000000000000	0.000000000000000	0.0	0	0.0007079646017699115	0.0001	0.0	56
2826	0.000000000000000	0.000000000000000	0.0	0	0.0007077140835102619	0.0001	0.0	56
2827	0.000000000000000	0.000000000000000	0.0	0	0.0007074637424831977	0.0001	0.0	56
2828	0.000000000000000	0.000000000000000	0.0	0	0.0007072135785007072	0.0001	0.0	56
2829	0.000000000000000	0.000000000000000	0.0	0	0.0007069635913750442	0.0001	0.0	56
2830	0.000000000000000	0.000000000000000	0.0	0	0.0007067137809187279	0.0001	0.0	56
2831	0.000000000000000	0.000000000000000	0.0	0	0.0007064641469445425	0.0001	0.0	56
2832	0.000000000000000	0.000000000000000	0.0	0	0.0007062146892655367	0.0001	0.0	56
2833	0.000000000000000	0.000000000000000	0.0	0	0.0007059654076950229	0.0001	0.0	56
2834	0.000000000000000	0.000000000000000	0.0	0	0.0007057163020465773	0.0001	0.0	56
2835	0.000000000000000	0.000000000000000	0.0	0	0.0007054673721340388	0.0001	0.0	56
2836	0.000000000000000	0.000000000000000	0.0	0	0.0007052186177715092	0.0001	0.0	56
2837	0.000000000000000	0.000000000000000	0.0	0	0.0007049700387733521	0.0001	0.0	56
2838	0.000000000000000	0.000000000000000	0.0	0	0.0007047216349541931	0.0001	0.0	56
2839	0.000000000000000	0.000000000000000	0.0	0	0.0007044734061289186	0.0001	0.0	56
2840	0.000000000000000	0.000000000000000	0.0	0	0.0007042253521126761	0.0001	0.0	56
2841	0.000000000000000	0.000000000000000	0.0	0	0.0007039774727208729	0.0001	0.0	56
2842	0.000000000000000	0.000000000000000	0.0	0	0.0007037297677691766	0.0001	0.0	56
2843	0.000000000000000	0.000000000000000	0.0	0	0.0007034822370735139	0.0001	0.0	56
2844	0.000000000000000	0.000000000000000	0.0	0	0.0007032348804500703	0.0001	0.0	56
2845	0.000000000000000	0.000000000000000	0.0	0	0.00070298769771529	0.0001	0.0	56
2846	0.000000000000000	0.000000000000000	0.0	0	0.0007027406886858749	0.0001	0.0	56
2847	0.000000000000000	0.000000000000000	0.0	0	0.0007024938531787847	0.0001	0.0	56
2848	0.000000000000000	0.000000000000000	0.0	0	0.0007022471910112359	0.0001	0.0	56
2849	0.000000000000000	0.000000000000000	0.0	0	0.000702000702000702	0.0001	0.0	56
2850	0.000000000000000	0.000000000000000	0.0	0	0.0007017543859649122	0.0001	0.0	56
2851	0.000000000000000	0.000000000000000	0.0	0	0.0007015082427218519	0.0001	0.0	56
2852	0.000000000000000	0.000000000000000	0.0	0	0.0007012622720897616	0.0001	0.0	56
2853	0.000000000000000	0.000000000000000	0.0	0	0.0007010164738871364	0.0001	0.0	56
2854	0.000000000000000	0.000000000000000	0.0	0	0.000700770847932726	0.0001	0.0	56
2855	0.000000000000000	0.000000000000000	0.0	0	0.0007005253940455342	0.0001	0.0	56
2856	0.000000000000000	0.000000000000000	0.0	0	0.0007002801120448179	0.0001	0.0	56
2857	0.000000000000000	0.000000000000000	0.0	0	0.0007000350017500875	0.0001	0.0	56
2858	0.000000000000000	0.000000000000000	0.0	0	0.0006997900629811056	0.0001	0.0	56
2859	0.000000000000000	0.000000000000000	0.0	0	0.0006995452955578874	0.0001	0.0	56
2860	0.000000000000000	0.000000000000000	0.0	0	0.0006993006993006993	0.0001	0.0	56
2861	0.000000000000000	0.000000000000000	0.0	0	0.0006990562740300594	0.0001	0.0	56
2862	0.000000000000000	0.000000000000000	0.0	0	0.0006988120195667365	0.0001	0.0	56
2863	0.000000000000000	0.000000000000000	0.0	0	0.0006985679357317499	0.0001	0.0	56
2864	0.000000000000000	0.000000000000000	0.0	0	0.0006983240223463687	0.0001	0.0	56
2865	0.000000000000000	0.000000000000000	0.0	0	0.0006980802792321117	0.0001	0.0	56
2866	0.000000000000000	0.000000000000000	0.0	0	0.0006978367062107466	0.0001	0.0	56
2867	0.000000000000000	0.000000000000000	0.0	0	0.0006975933031042902	0.0001	0.0	56
2868	0.000000000000000	0.000000000000000	0.0	0	0.000697350069735007	0.0001	0.0	56
2869	0.000000000000000	0.000000000000000	0.0	0	0.0006971070059254096	0.0001	0.0	56
2870	0.000000000000000	0.000000000000000	0.0	0	0.0006968641114982578	0.0001	0.0	56
2871	0.000000000000000	0.000000000000000	0.0	0	0.0006966213862765587	0.0001	0.0	56
2872	0.000000000000000	0.000000000000000	0.0	0	0.0006963788300835655	0.0001	0.0	56
2873	0.000000000000000	0.000000000000000	0.0	0	0.0006961364427427776	0.0001	0.0	56
2874	0.000000000000000	0.000000000000000	0.0	0	0.0006958942240779402	0.0001	0.0	56
2875	0.000000000000000	0.000000000000000	0.0	0	0.0006956521739130435	0.0001	0.0	56
2876	0.000000000000000	0.000000000000000	0.0	0	0.0006954102920723226	0.0001	0.0	56
2877	0.000000000000000	0.000000000000000	0.0	0	0.0006951685783802572	0.0001	0.0	56
2878	0.000000000000000	0.000000000000000	0.0	0	0.0006949270326615705	0.0001	0.0	56
2879	0.000000000000000	0.000000000000000	0.0	0	0.0006946856547412296	0.0001	0.0	56
2880	0.000000000000000	0.000000000000000	0.0	0	0.0006944444444444445	0.0001	0.0	56
2881	0.000000000000000	0.000000000000000	0.0	0	0.0006942034015966678	0.0001	0.0	56
2882	0.000000000000000	0.000000000000000	0.0	0	0.0006939625260235947	0.0001	0.0	56
2883	0.000000000000000	0.000000000000000	0.0	0	0.000693721817551162	0.0001	0.0	56
2884	0.000000000000000	0.000000000000000	0.0	0	0.0006934812760055479	0.0001	0.0	56
2885	0.000000000000000	0.000000000000000	0.0	0	0.0006932409012131716	0.0001	0.0	56
2886	0.000000000000000	0.000000000000000	0.0	0	0.000693000693000693	0.0001	0.0	56
2887	0.000000000000000	0.000000000000000	0.0	0	0.0006927606511950121	0.0001	0.0	56
2888	0.000000000000000	0.000000000000000	0.0	0	0.0006925207756232687	0.0001	0.0	56
2889	0.000000000000000	0.000000000000000	0.0	0	0.0006922810661128419	0.0001	0.0	56
2890	0.000000000000000	0.000000000000000	0.0	0	0.0006920415224913495	0.0001	0.0	56
2891	0.000000000000000	0.000000000000000	0.0	0	0.0006918021445866483	0.0001	0.0	56
2892	0.000000000000000	0.000000000000000	0.0	0	0.0006915629322268327	0.0001	0.0	56
2893	0.000000000000000	0.000000000000000	0.0	0	0.000691323885240235	0.0001	0.0	56
2894	0.000000000000000	0.000000000000000	0.0	0	0.000691085003455425	0.0001	0.0	56
2895	0.000000000000000	0.000000000000000	0.0	0	0.000690846286701209	0.0001	0.0	56
2896	0.000000000000000	0.000000000000000	0.0	0	0.0006906077348066298	0.0001	0.0	56
2897	0.000000000000000	0.000000000000000	0.0	0	0.0006903693476009665	0.0001	0.0	56
2898	0.000000000000000	0.000000000000000	0.0	0	0.0006901311249137336	0.0001	0.0	56
2899	0.000000000000000	0.000000000000000	0.0	0	0.0006898930665746809	0.0001	0.0	56
2900	0.000000000000000	0.000000000000000	0.0	0	0.000689655172413793	0.0001	0.0	56
2901	0.000000000000000	0.000000000000000	0.0	0	0.0006894174422612892	0.0001	0.0	56
2902	0.000000000000000	0.000000000000000	0.0	0	0.0006891798759476223	0.0001	0.0	56
2903	0.000000000000000	0.000000000000000	0.0	0	0.0006889424733034792	0.0001	0.0	56
2904	0.000000000000000	0.000000000000000	0.0	0	0.0006887052341597796	0.0001	0.0	56
2905	0.000000000000000	0.000000000000000	0.0	0	0.0006884681583476765	0.0001	0.0	56
2906	0.000000000000000	0.000000000000000	0.0	0	0.0006882312456985547	0.0001	0.0	56
2907	0.000000000000000	0.000000000000000	0.0	0	0.0006879944960440316	0.0001	0.0	56
2908	0.000000000000000	0.000000000000000	0.0	0	0.000687757909215956	0.0001	0.0	56
2909	0.000000000000000	0.000000000000000	0.0	0	0.0006875214850464077	0.0001	0.0	56
2910	0.000000000000000	0.000000000000000	0.0	0	0.0006872852233676976	0.0001	0.0	56
2911	0.000000000000000	0.000000000000000	0.0	0	0.0006870491240123669	0.0001	0.0	56
2912	0.000000000000000	0.000000000000000	0.0	0	0.0006868131868131869	0.0001	0.0	56
2913	0.000000000000000	0.000000000000000	0.0	0	0.0006865774116031583	0.0001	0.0	56
2914	0.000000000000000	0.000000000000000	0.0	0	0.0006863417982155113	0.0001	0.0	56
2915	0.000000000000000	0.000000000000000	0.0	0	0.0006861063464837049	0.0001	0.0	56
2916	0.000000000000000	0.000000000000000	0.0	0	0.0006858710562414266	0.0001	0.0	56
2917	0.000000000000000	0.000000000000000	0.0	0	0.0006856359273225917	0.0001	0.0	56
2918	0.000000000000000	0.000000000000000	0.0	0	0.0006854009595613434	0.0001	0.0	56
2919	0.000000000000000	0.000000000000000	0.0	0	0.0006851661527920521	0.0001	0.0	56
2920	0.000000000000000	0.000000000000000	0.0	0	0.0006849315068493151	0.0001	0.0	56
2921	0.000000000000000	0.000000000000000	0.0	0	0.0006846970215679561	0.0001	0.0	56
2922	0.000000000000000	0.000000000000000	0.0	0	0.0006844626967830253	0.0001	0.0	56
2923	0.000000000000000	0.000000000000000	0.0	0	0.0006842285323297981	0.0001	0.0	56
2924	0.000000000000000	0.000000000000000	0.0	0	0.0006839945280437756	0.0001	0.0	56
2925	0.000000000000000	0.000000000000000	0.0	0	0.0006837606837606838	0.0001	0.0	56
2926	0.000000000000000	0.000000000000000	0.0	0	0.000683526999316473	0.0001	0.0	56
2927	0.000000000000000	0.000000000000000	0.0	0	0.0006832934745473181	0.0001	0.0	56
2928	0.000000000000000	0.000000000000000	0.0	0	0.0006830601092896175	0.0001	0.0	56
2929	0.000000000000000	0.000000000000000	0.0	0	0.0006828269033799932	0.0001	0.0	56
2930	0.000000000000000	0.000000000000000	0.0	0	0.0006825938566552901	0.0001	0.0	56
2931	0.000000000000000	0.000000000000000	0.0	0	0.000682360968952576	0.0001	0.0	56
2932	0.000000000000000	0.000000000000000	0.0	0	0.0006821282401091405	0.0001	0.0	56
2933	0.000000000000000	0.000000000000000	0.0	0	0.0006818956699624957	0.0001	0.0	56
2934	0.000000000000000	0.000000000000000	0.0	0	0.0006816632583503749	0.0001	0.0	56
2935	0.000000000000000	0.000000000000000	0.0	0	0.0006814310051107325	0.0001	0.0	56
2936	0.000000000000000	0.000000000000000	0.0	0	0.0006811989100817438	0.0001	0.0	56
2937	0.000000000000000	0.000000000000000	0.0	0	0.0006809669731018045	0.0001	0.0	56
2938	0.000000000000000	0.000000000000000	0.0	0	0.0006807351940095302	0.0001	0.0	56
2939	0.000000000000000	0.000000000000000	0.0	0	0.0006805035726437564	0.0001	0.0	56
2940	0.000000000000000	0.000000000000000	0.0	0	0.0006802721088435374	0.0001	0.0	56
2941	0.000000000000000	0.000000000000000	0.0	0	0.0006800408024481469	0.0001	0.0	56
2942	0.000000000000000	0.000000000000000	0.0	0	0.0006798096532970768	0.0001	0.0	56
2943	0.000000000000000	0.000000000000000	0.0	0	0.0006795786612300374	0.0001	0.0	56
2944	0.000000000000000	0.000000000000000	0.0	0	0.0006793478260869565	0.0001	0.0	56
2945	0.000000000000000	0.000000000000000	0.0	0	0.0006791171477079797	0.0001	0.0	56
2946	0.000000000000000	0.000000000000000	0.0	0	0.0006788866259334691	0.0001	0.0	56
2947	0.000000000000000	0.000000000000000	0.0	0	0.0006786562606040041	0.0001	0.0	56
2948	0.000000000000000	0.000000000000000	0.0	0	0.0006784260515603799	0.0001	0.0	56
2949	0.000000000000000	0.000000000000000	0.0	0	0.0006781959986436081	0.0001	0.0	56
2950	0.000000000000000	0.000000000000000	0.0	0	0.0006779661016949153	0.0001	0.0	56
2951	0.000000000000000	0.000000000000000	0.0	0	0.0006777363605557439	0.0001	0.0	56
2952	0.000000000000000	0.000000000000000	0.0	0	0.0006775067750677507	0.0001	0.0	56
2953	0.000000000000000	0.000000000000000	0.0	0	0.0006772773450728074	0.0001	0.0	56
2954	0.000000000000000	0.000000000000000	0.0	0	0.0006770480704129993	0.0001	0.0	56
2955	0.000000000000000	0.000000000000000	0.0	0	0.0006768189509306261	0.0001	0.0	56
2956	0.000000000000000	0.000000000000000	0.0	0	0.0006765899864682003	0.0001	0.0	56
2957	0.000000000000000	0.000000000000000	0.0	0	0.0006763611768684477	0.0001	0.0	56
2958	0.000000000000000	0.000000000000000	0.0	0	0.000676132521974307	0.0001	0.0	56
2959	0.000000000000000	0.000000000000000	0.0	0	0.0006759040216289286	0.0001	0.0	56
2960	0.000000000000000	0.000000000000000	0.0	0	0.0006756756756756757	0.0001	0.0	56
2961	0.000000000000000	0.000000000000000	0.0	0	0.0006754474839581223	0.0001	0.0	56
2962	0.000000000000000	0.000000000000000	0.0	0	0.0006752194463200541	0.0001	0.0	56
2963	0.000000000000000	0.000000000000000	0.0	0	0.0006749915626054674	0.0001	0.0	56
2964	0.000000000000000	0.000000000000000	0.0	0	0.0006747638326585695	0.0001	0.0	56
2965	0.000000000000000	0.000000000000000	0.0	0	0.0006745362563237774	0.0001	0.0	56
2966	0.000000000000000	0.000000000000000	0.0	0	0.0006743088334457181	0.0001	0.0	56
2967	0.000000000000000	0.000000000000000	0.0	0	0.0006740815638692282	0.0001	0.0	56
2968	0.000000000000000	0.000000000000000	0.0	0	0.0006738544474393531	0.0001	0.0	56
2969	0.000000000000000	0.000000000000000	0.0	0	0.0006736274840013472	0.0001	0.0	56
2970	0.000000000000000	0.000000000000000	0.0	0	0.0006734006734006734	0.0001	0.0	56
2971	0.000000000000000	0.000000000000000	0.0	0	0.0006731740154830024	0.0001	0.0	56
2972	0.000000000000000	0.000000000000000	0.0	0	0.0006729475100942127	0.0001	0.0	56
2973	0.000000000000000	0.000000000000000	0.0	0	0.0006727211570803902	0.0001	0.0	56
2974	0.000000000000000	0.000000000000000	0.0	0	0.0006724949562878278	0.0001	0.0	56
2975	0.000000000000000	0.000000000000000	0.0	0	0.0006722689075630252	0.0001	0.0	56
2976	0.000000000000000	0.000000000000000	0.0	0	0.0006720430107526882	0.0001	0.0	56
2977	0.000000000000000	0.000000000000000	0.0	0	0.0006718172657037286	0.0001	0.0	56
2978	0.000000000000000	0.000000000000000	0.0	0	0.000671591672263264	0.0001	0.0	56
2979	0.000000000000000	0.000000000000000	0.0	0	0.000671366230278617	0.0001	0.0	56
2980	0.000000000000000	0.000000000000000	0.0	0	0.0006711409395973154	0.0001	0.0	56
2981	0.000000000000000	0.000000000000000	0.0	0	0.0006709158000670916	0.0001	0.0	56
2982	0.000000000000000	0.000000000000000	0.0	0	0.0006706908115358819	0.0001	0.0	56
2983	0.000000000000000	0.000000000000000	0.0	0	0.0006704659738518271	0.0001	0.0	56
2984	0.000000000000000	0.000000000000000	0.0	0	0.0006702412868632708	0.0001	0.0	56
2985	0.000000000000000	0.000000000000000	0.0	0	0.0006700167504187605	0.0001	0.0	56
2986	0.000000000000000	0.000000000000000	0.0	0	0.0006697923643670462	0.0001	0.0	56
2987	0.000000000000000	0.000000000000000	0.0	0	0.0006695681285570807	0.0001	0.0	56
2988	0.000000000000000	0.000000000000000	0.0	0	0.0006693440428380187	0.0001	0.0	56
2989	0.000000000000000	0.000000000000000	0.0	0	0.0006691201070592171	0.0001	0.0	56
2990	0.000000000000000	0.000000000000000	0.0	0	0.0006688963210702341	0.0001	0.0	56
2991	0.000000000000000	0.000000000000000	0.0	0	0.0006686726847208291	0.0001	0.0	56
2992	0.000000000000000	0.000000000000000	0.0	0	0.0006684491978609625	0.0001	0.0	56
2993	0.000000000000000	0.000000000000000	0.0	0	0.0006682258603407952	0.0001	0.0	56
2994	0.000000000000000	0.000000000000000	0.0	0	0.0006680026720106881	0.0001	0.0	56
2995	0.000000000000000	0.000000000000000	0.0	0	0.000667779632721202	0.0001	0.0	56
2996	0.000000000000000	0.000000000000000	0.0	0	0.0006675567423230974	0.0001	0.0	56
2997	0.000000000000000	0.000000000000000	0.0	0	0.000667334000667334	0.0001	0.0	56
2998	0.000000000000000	0.000000000000000	0.0	0	0.00066711140760507	0.0001	0.0	56
2999	0.000000000000000	0.000000000000000	0.0	0	0.0006668889629876625	0.0001	0.0	56
3000	0.000000000000000	0.000000000000000	0.0	0	0.0006666666666666666	0.0001	0.0	56
3001	0.000000000000000	0.000000000000000	0.0	0	0.0006664445184938354	0.0001	0.0	56
3002	0.000000000000000	0.000000000000000	0.0	0	0.0006662225183211193	0.0001	0.0	56
3003	0.000000000000000	0.000000000000000	0.0	0	0.000666000666000666	0.0001	0.0	56
3004	0.000000000000000	0.000000000000000	0.0	0	0.0006657789613848203	0.0001	0.0	56
3005	0.000000000000000	0.000000000000000	0.0	0	0.0006655574043261231	0.0001	0.0	56
3006	0.000000000000000	0.000000000000000	0.0	0	0.0006653359946773121	0.0001	0.0	56
3007	0.000000000000000	0.000000000000000	0.0	0	0.0006651147322913202	0.0001	0.0	56
3008	0.000000000000000	0.000000000000000	0.0	0	0.0006648936170212766	0.0001	0.0	56
3009	0.000000000000000	0.000000000000000	0.0	0	0.0006646726487205051	0.0001	0.0	56
3010	0.000000000000000	0.000000000000000	0.0	0	0.000664451827242525	0.0001	0.0	56
3011	0.000000000000000	0.000000000000000	0.0	0	0.0006642311524410495	0.0001	0.0	56
3012	0.000000000000000	0.000000000000000	0.0	0	0.0006640106241699867	0.0001	0.0	56
3013	0.000000000000000	0.000000000000000	0.0	0	0.0006637902422834385	0.0001	0.0	56
3014	0.000000000000000	0.000000000000000	0.0	0	0.0006635700066357001	0.0001	0.0	56
3015	0.000000000000000	0.000000000000000	0.0	0	0.0006633499170812604	0.0001	0.0	56
3016	0.000000000000000	0.000000000000000	0.0	0	0.000663129973474801	0.0001	0.0	56
3017	0.000000000000000	0.000000000000000	0.0	0	0.0006629101756711965	0.0001	0.0	56
3018	0.000000000000000	0.000000000000000	0.0	0	0.0006626905235255136	0.0001	0.0	56
3019	0.000000000000000	0.000000000000000	0.0	0	0.000662471016893011	0.0001	0.0	56
3020	0.000000000000000	0.000000000000000	0.0	0	0.0006622516556291391	0.0001	0.0	56
3021	0.000000000000000	0.000000000000000	0.0	0	0.0006620324395895399	0.0001	0.0	56
3022	0.000000000000000	0.000000000000000	0.0	0	0.0006618133686300463	0.0001	0.0	56
3023	0.000000000000000	0.000000000000000	0.0	0	0.0006615944426066821	0.0001	0.0	56
3024	0.000000000000000	0.000000000000000	0.0	0	0.0006613756613756613	0.0001	0.0	56
3025	0.000000000000000	0.000000000000000	0.0	0	0.0006611570247933885	0.0001	0.0	56
3026	0.000000000000000	0.000000000000000	0.0	0	0.0006609385327164573	0.0001	0.0	56
3027	0.000000000000000	0.000000000000000	0.0	0	0.0006607201850016518	0.0001	0.0	56
3028	0.000000000000000	0.000000000000000	0.0	0	0.0006605019815059445	0.0001	0.0	56
3029	0.000000000000000	0.000000000000000	0.0	0	0.0006602839220864972	0.0001	0.0	56
3030	0.000000000000000	0.000000000000000	0.0	0	0.0006600660066006601	0.0001	0.0	56
3031	0.000000000000000	0.000000000000000	0.0	0	0.0006598482349059716	0.0001	0.0	56
3032	0.000000000000000	0.000000000000000	0.0	0	0.0006596306068601583	0.0001	0.0	56
3033	0.000000000000000	0.000000000000000	0.0	0	0.0006594131223211342	0.0001	0.0	56
3034	0.000000000000000	0.000000000000000	0.0	0	0.0006591957811470006	0.0001	0.0	56
3035	0.000000000000000	0.000000000000000	0.0	0	0.0006589785831960461	0.0001	0.0	56
3036	0.000000000000000	0.000000000000000	0.0	0	0.0006587615283267457	0.0001	0.0	56
3037	0.000000000000000	0.000000000000000	0.0	0	0.0006585446163977609	0.0001	0.0	56
3038	0.000000000000000	0.000000000000000	0.0	0	0.0006583278472679394	0.0001	0.0	56
3039	0.000000000000000	0.000000000000000	0.0	0	0.0006581112207963146	0.0001	0.0	56
3040	0.000000000000000	0.000000000000000	0.0	0	0.0006578947368421052	0.0001	0.0	56
3041	0.000000000000000	0.000000000000000	0.0	0	0.0006576783952647156	0.0001	0.0	56
3042	0.000000000000000	0.000000000000000	0.0	0	0.0006574621959237344	0.0001	0.0	56
3043	0.000000000000000	0.000000000000000	0.0	0	0.0006572461386789353	0.0001	0.0	56
3044	0.000000000000000	0.000000000000000	0.0	0	0.000657030223390276	0.0001	0.0	56
3045	0.000000000000000	0.000000000000000	0.0	0	0.0006568144499178982	0.0001	0.0	56
3046	0.000000000000000	0.000000000000000	0.0	0	0.0006565988181221273	0.0001	0.0	56
3047	0.000000000000000	0.000000000000000	0.0	0	0.0006563833278634722	0.0001	0.0	56
3048	0.000000000000000	0.000000000000000	0.0	0	0.0006561679790026247	0.0001	0.0	56
3049	0.000000000000000	0.000000000000000	0.0	0	0.0006559527714004591	0.0001	0.0	56
3050	0.000000000000000	0.000000000000000	0.0	0	0.0006557377049180328	0.0001	0.0	56
3051	0.000000000000000	0.000000000000000	0.0	0	0.0006555227794165847	0.0001	0.0	56
3052	0.000000000000000	0.000000000000000	0.0	0	0.000655307994757536	0.0001	0.0	56
3053	0.000000000000000	0.000000000000000	0.0	0	0.0006550933508024893	0.0001	0.0	56
3054	0.000000000000000	0.000000000000000	0.0	0	0.0006548788474132286	0.0001	0.0	56
3055	0.000000000000000	0.000000000000000	0.0	0	0.0006546644844517185	0.0001	0.0	56
3056	0.000000000000000	0.000000000000000	0.0	0	0.0006544502617801048	0.0001	0.0	56
3057	0.000000000000000	0.000000000000000	0.0	0	0.0006542361792607131	0.0001	0.0	56
3058	0.000000000000000	0.000000000000000	0.0	0	0.0006540222367560497	0.0001	0.0	56
3059	0.000000000000000	0.000000000000000	0.0	0	0.0006538084341288003	0.0001	0.0	56
3060	0.000000000000000	0.000000000000000	0.0	0	0.00065359477124183	0.0001	0.0	56
3061	0.000000000000000	0.000000000000000	0.0	0	0.0006533812479581836	0.0001	0.0	56
3062	0.000000000000000	0.000000000000000	0.0	0	0.0006531678641410843	0.0001	0.0	56
3063	0.000000000000000	0.000000000000000	0.0	0	0.000652954619653934	0.0001	0.0	56
3064	0.000000000000000	0.000000000000000	0.0	0	0.0006527415143603133	0.0001	0.0	56
3065	0.000000000000000	0.000000000000000	0.0	0	0.0006525285481239804	0.0001	0.0	56
3066	0.000000000000000	0.000000000000000	0.0	0	0.0006523157208088715	0.0001	0.0	56
3067	0.000000000000000	0.000000000000000	0.0	0	0.0006521030322791001	0.0001	0.0	56
3068	0.000000000000000	0.000000000000000	0.0	0	0.000651890482398957	0.0001	0.0	56
3069	0.000000000000000	0.000000000000000	0.0	0	0.0006516780710329097	0.0001	0.0	56
3070	0.000000000000000	0.000000000000000	0.0	0	0.0006514657980456026	0.0001	0.0	56
3071	0.000000000000000	0.000000000000000	0.0	0	0.0006512536633018561	0.0001	0.0	56
3072	0.000000000000000	0.000000000000000	0.0	0	0.0006510416666666666	0.0001	0.0	56
3073	0.000000000000000	0.000000000000000	0.0	0	0.0006508298080052066	0.0001	0.0	56
3074	0.000000000000000	0.000000000000000	0.0	0	0.0006506180871828237	0.0001	0.0	56
3075	0.000000000000000	0.000000000000000	0.0	0	0.0006504065040650406	0.0001	0.0	56
3076	0.000000000000000	0.000000000000000	0.0	0	0.0006501950585175553	0.0001	0.0	56
3077	0.000000000000000	0.000000000000000	0.0	0	0.0006499837504062399	0.0001	0.0	56
3078	0.000000000000000	0.000000000000000	0.0	0	0.000649772579597141	0.0001	0.0	56
3079	0.000000000000000	0.000000000000000	0.0	0	0.0006495615459564793	0.0001	0.0	56
3080	0.000000000000000	0.000000000000000	0.0	0	0.0006493506493506494	0.0001	0.0	56
3081	0.000000000000000	0.000000000000000	0.0	0	0.0006491398896462187	0.0001	0.0	56
3082	0.000000000000000	0.000000000000000	0.0	0	0.0006489292667099286	0.0001	0.0	56
3083	0.000000000000000	0.000000000000000	0.0	0	0.0006487187804086928	0.0001	0.0	56
3084	0.000000000000000	0.000000000000000	0.0	0	0.0006485084306095979	0.0001	0.0	56
3085	0.000000000000000	0.000000000000000	0.0	0	0.0006482982171799027	0.0001	0.0	56
3086	0.000000000000000	0.000000000000000	0.0	0	0.0006480881399870382	0.0001	0.0	56
3087	0.000000000000000	0.000000000000000	0.0	0	0.0006478781988986071	0.0001	0.0	56
3088	0.000000000000000	0.000000000000000	0.0	0	0.0006476683937823834	0.0001	0.0	56
3089	0.000000000000000	0.000000000000000	0.0	0	0.0006474587245063128	0.0001	0.0	56
3090	0.000000000000000	0.000000000000000	0.0	0	0.0006472491909385113	0.0001	0.0	56
3091	0.000000000000000	0.000000000000000	0.0	0	0.0006470397929472663	0.0001	0.0	56
3092	0.000000000000000	0.000000000000000	0.0	0	0.000646830530401035	0.0001	0.0	56
3093	0.000000000000000	0.000000000000000	0.0	0	0.0006466214031684449	0.0001	0.0	56
3094	0.000000000000000	0.000000000000000	0.0	0	0.0006464124111182935	0.0001	0.0	56
3095	0.000000000000000	0.000000000000000	0.0	0	0.0006462035541195477	0.0001	0.0	56
3096	0.000000000000000	0.000000000000000	0.0	0	0.0006459948320413437	0.0001	0.0	56
3097	0.000000000000000	0.000000000000000	0.0	0	0.0006457862447529867	0.0001	0.0	56
3098	0.000000000000000	0.000000000000000	0.0	0	0.0006455777921239509	0.0001	0.0	56
3099	0.000000000000000	0.000000000000000	0.0	0	0.0006453694740238787	0.0001	0.0	56
3100	0.000000000000000	0.000000000000000	0.0	0	0.0006451612903225806	0.0001	0.0	56
3101	0.000000000000000	0.000000000000000	0.0	0	0.0006449532408900354	0.0001	0.0	56
3102	0.000000000000000	0.000000000000000	0.0	0	0.0006447453255963894	0.0001	0.0	56
3103	0.000000000000000	0.000000000000000	0.0	0	0.0006445375443119562	0.0001	0.0	56
3104	0.000000000000000	0.000000000000000	0.0	0	0.0006443298969072165	0.0001	0.0	56
3105	0.000000000000000	0.000000000000000	0.0	0	0.0006441223832528181	0.0001	0.0	56
3106	0.000000000000000	0.000000000000000	0.0	0	0.000643915003219575	0.0001	0.0	56
3107	0.000000000000000	0.000000000000000	0.0	0	0.000643707756678468	0.0001	0.0	56
3108	0.000000000000000	0.000000000000000	0.0	0	0.0006435006435006435	0.0001	0.0	56
3109	0.000000000000000	0.000000000000000	0.0	0	0.000643293663557414	0.0001	0.0	56
3110	0.000000000000000	0.000000000000000	0.0	0	0.0006430868167202572	0.0001	0.0	56
3111	0.000000000000000	0.000000000000000	0.0	0	0.0006428801028608164	0.0001	0.0	56
3112	0.000000000000000	0.000000000000000	0.0	0	0.0006426735218508997	0.0001	0.0	56
3113	0.000000000000000	0.000000000000000	0.0	0	0.00064246707356248	0.0001	0.0	56
3114	0.000000000000000	0.000000000000000	0.0	0	0.0006422607578676942	0.0001	0.0	56
3115	0.000000000000000	0.000000000000000	0.0	0	0.0006420545746388443	0.0001	0.0	56
3116	0.000000000000000	0.000000000000000	0.0	0	0.0006418485237483953	0.0001	0.0	56
3117	0.000000000000000	0.000000000000000	0.0	0	0.0006416426050689766	0.0001	0.0	56
3118	0.000000000000000	0.000000000000000	0.0	0	0.0006414368184733803	0.0001	0.0	56
3119	0.000000000000000	0.000000000000000	0.0	0	0.0006412311638345624	0.0001	0.0	56
3120	0.000000000000000	0.000000000000000	0.0	0	0.000641025641025641	0.0001	0.0	56
3121	0.000000000000000	0.000000000000000	0.0	0	0.0006408202499198974	0.0001	0.0	56
3122	0.000000000000000	0.000000000000000	0.0	0	0.0006406149903907751	0.0001	0.0	56
3123	0.000000000000000	0.000000000000000	0.0	0	0.0006404098623118795	0.0001	0.0	56
3124	0.000000000000000	0.000000000000000	0.0	0	0.0006402048655569782	0.0001	0.0	56
3125	0.000000000000000	0.000000000000000	0.0	0	0.00064	0.0001	0.0	56
3126	0.000000000000000	0.000000000000000	0.0	0	0.0006397952655150352	0.0001	0.0	56
3127	0.000000000000000	0.000000000000000	0.0	0	0.0006395906619763352	0.0001	0.0	56
3128	0.000000000000000	0.000000000000000	0.0	0	0.0006393861892583121	0.0001	0.0	56
3129	0.000000000000000	0.000000000000000	0.0	0	0.0006391818472355385	0.0001	0.0	56
3130	0.000000000000000	0.000000000000000	0.0	0	0.0006389776357827476	0.0001	0.0	56
3131	0.000000000000000	0.000000000000000	0.0	0	0.0006387735547748323	0.0001	0.0	56
3132	0.000000000000000	0.000000000000000	0.0	0	0.0006385696040868455	0.0001	0.0	56
3133	0.000000000000000	0.000000000000000	0.0	0	0.0006383657835939994	0.0001	0.0	56
3134	0.000000000000000	0.000000000000000	0.0	0	0.0006381620931716656	0.0001	0.0	56
3135	0.000000000000000	0.000000000000000	0.0	0	0.0006379585326953748	0.0001	0.0	56
3136	0.000000000000000	0.000000000000000	0.0	0	0.0006377551020408163	0.0001	0.0	56
3137	0.000000000000000	0.000000000000000	0.0	0	0.000637551801083838	0.0001	0.0	56
3138	0.000000000000000	0.000000000000000	0.0	0	0.0006373486297004461	0.0001	0.0	56
3139	0.000000000000000	0.000000000000000	0.0	0	0.0006371455877668047	0.0001	0.0	56
3140	0.000000000000000	0.000000000000000	0.0	0	0.0006369426751592356	0.0001	0.0	56
3141	0.000000000000000	0.000000000000000	0.0	0	0.0006367398917542184	0.0001	0.0	56
3142	0.000000000000000	0.000000000000000	0.0	0	0.0006365372374283895	0.0001	0.0	56
3143	0.000000000000000	0.000000000000000	0.0	0	0.0006363347120585428	0.0001	0.0	56
3144	0.000000000000000	0.000000000000000	0.0	0	0.0006361323155216285	0.0001	0.0	56
3145	0.000000000000000	0.000000000000000	0.0	0	0.0006359300476947536	0.0001	0.0	56
3146	0.000000000000000	0.000000000000000	0.0	0	0.0006357279084551812	0.0001	0.0	56
3147	0.000000000000000	0.000000000000000	0.0	0	0.0006355258976803305	0.0001	0.0	56
3148	0.000000000000000	0.000000000000000	0.0	0	0.0006353240152477764	0.0001	0.0	56
3149	0.000000000000000	0.000000000000000	0.0	0	0.0006351222610352493	0.0001	0.0	56
3150	0.000000000000000	0.000000000000000	0.0	0	0.0006349206349206349	0.0001	0.0	56
3151	0.000000000000000	0.000000000000000	0.0	0	0.0006347191367819739	0.0001	0.0	56
3152	0.000000000000000	0.000000000000000	0.0	0	0.0006345177664974619	0.0001	0.0	56
3153	0.000000000000000	0.000000000000000	0.0	0	0.0006343165239454488	0.0001	0.0	56
3154	0.000000000000000	0.000000000000000	0.0	0	0.0006341154090044388	0.0001	0.0	56
3155	0.000000000000000	0.000000000000000	0.0	0	0.0006339144215530904	0.0001	0.0	56
3156	0.000000000000000	0.000000000000000	0.0	0	0.0006337135614702154	0.0001	0.0	56
3157	0.000000000000000	0.000000000000000	0.0	0	0.0006335128286347799	0.0001	0.0	56
3158	0.000000000000000	0.000000000000000	0.0	0	0.0006333122229259025	0.0001	0.0	56
3159	0.000000000000000	0.000000000000000	0.0	0	0.0006331117442228553	0.0001	0.0	56
3160	0.000000000000000	0.000000000000000	0.0	0	0.0006329113924050633	0.0001	0.0	56
3161	0.000000000000000	0.000000000000000	0.0	0	0.0006327111673521037	0.0001	0.0	56
3162	0.000000000000000	0.000000000000000	0.0	0	0.0006325110689437065	0.0001	0.0	56
3163	0.000000000000000	0.000000000000000	0.0	0	0.0006323110970597534	0.0001	0.0	56
3164	0.000000000000000	0.000000000000000	0.0	0	0.0006321112515802782	0.0001	0.0	56
3165	0.000000000000000	0.000000000000000	0.0	0	0.000631911532385466	0.0001	0.0	56
3166	0.000000000000000	0.000000000000000	0.0	0	0.0006317119393556538	0.0001	0.0	56
3167	0.000000000000000	0.000000000000000	0.0	0	0.0006315124723713293	0.0001	0.0	56
3168	0.000000000000000	0.000000000000000	0.0	0	0.0006313131313131314	0.0001	0.0	56
3169	0.000000000000000	0.000000000000000	0.0	0	0.0006311139160618492	0.0001	0.0	56
3170	0.000000000000000	0.000000000000000	0.0	0	0.0006309148264984228	0.0001	0.0	56
3171	0.000000000000000	0.000000000000000	0.0	0	0.000630715862503942	0.0001	0.0	56
3172	0.000000000000000	0.000000000000000	0.0	0	0.0006305170239596469	0.0001	0.0	56
3173	0.000000000000000	0.000000000000000	0.0	0	0.0006303183107469272	0.0001	0.0	56
3174	0.000000000000000	0.000000000000000	0.0	0	0.000630119722747322	0.0001	0.0	56
3175	0.000000000000000	0.000000000000000	0.0	0	0.0006299212598425197	0.0001	0.0	56
3176	0.000000000000000	0.000000000000000	0.0	0	0.0006297229219143577	0.0001	0.0	56
3177	0.000000000000000	0.000000000000000	0.0	0	0.0006295247088448222	0.0001	0.0	56
3178	0.000000000000000	0.000000000000000	0.0	0	0.0006293266205160479	0.0001	0.0	56
3179	0.000000000000000	0.000000000000000	0.0	0	0.0006291286568103177	0.0001	0.0	56
3180	0.000000000000000	0.000000000000000	0.0	0	0.0006289308176100629	0.0001	0.0	56
3181	0.000000000000000	0.000000000000000	0.0	0	0.0006287331027978623	0.0001	0.0	56
3182	0.000000000000000	0.000000000000000	0.0	0	0.0006285355122564425	0.0001	0.0	56
3183	0.000000000000000	0.000000000000000	0.0	0	0.0006283380458686773	0.0001	0.0	56
3184	0.000000000000000	0.000000000000000	0.0	0	0.000628140703517588	0.0001	0.0	56
3185	0.000000000000000	0.000000000000000	0.0	0	0.0006279434850863422	0.0001	0.0	56
3186	0.000000000000000	0.000000000000000	0.0	0	0.0006277463904582549	0.0001	0.0	56
3187	0.000000000000000	0.000000000000000	0.0	0	0.0006275494195167869	0.0001	0.0	56
3188	0.000000000000000	0.000000000000000	0.0	0	0.0006273525721455458	0.0001	0.0	56
3189	0.000000000000000	0.000000000000000	0.0	0	0.0006271558482282847	0.0001	0.0	56
3190	0.000000000000000	0.000000000000000	0.0	0	0.0006269592476489029	0.0001	0.0	56
3191	0.000000000000000	0.000000000000000	0.0	0	0.0006267627702914447	0.0001	0.0	56
3192	0.000000000000000	0.000000000000000	0.0	0	0.0006265664160401002	0.0001	0.0	56
3193	0.000000000000000	0.000000000000000	0.0	0	0.0006263701847792045	0.0001	0.0	56
3194	0.000000000000000	0.000000000000000	0.0	0	0.0006261740763932373	0.0001	0.0	56
3195	0.000000000000000	0.000000000000000	0.0	0	0.0006259780907668231	0.0001	0.0	56
3196	0.000000000000000	0.000000000000000	0.0	0	0.0006257822277847309	0.0001	0.0	56
3197	0.000000000000000	0.000000000000000	0.0	0	0.0006255864873318737	0.0001	0.0	56
3198	0.000000000000000	0.000000000000000	0.0	0	0.0006253908692933083	0.0001	0.0	56
3199	0.000000000000000	0.000000000000000	0.0	0	0.0006251953735542357	0.0001	0.0	56
3200	0.000000000000000	0.000000000000000	0.0	0	0.000625	0.0001	0.0	56
3201	0.000000000000000	0.000000000000000	0.0	0	0.0006248047485160887	0.0001	0.0	56
3202	0.000000000000000	0.000000000000000	0.0	0	0.0006246096189881324	0.0001	0.0	56
3203	0.000000000000000	0.000000000000000	0.0	0	0.0006244146113019045	0.0001	0.0	56
3204	0.000000000000000	0.000000000000000	0.0	0	0.0006242197253433209	0.0001	0.0	56
3205	0.000000000000000	0.000000000000000	0.0	0	0.0006240249609984399	0.0001	0.0	56
3206	0.000000000000000	0.000000000000000	0.0	0	0.0006238303181534623	0.0001	0.0	56
3207	0.000000000000000	0.000000000000000	0.0	0	0.0006236357966947302	0.0001	0.0	56
3208	0.000000000000000	0.000000000000000	0.0	0	0.0006234413965087282	0.0001	0.0	56
3209	0.000000000000000	0.000000000000000	0.0	0	0.0006232471174820816	0.0001	0.0	56
3210	0.000000000000000	0.000000000000000	0.0	0	0.0006230529595015577	0.0001	0.0	56
3211	0.000000000000000	0.000000000000000	0.0	0	0.0006228589224540642	0.0001	0.0	56
3212	0.000000000000000	0.000000000000000	0.0	0	0.0006226650062266501	0.0001	0.0	56
3213	0.000000000000000	0.000000000000000	0.0	0	0.0006224712107065049	0.0001	0.0	56
3214	0.000000000000000	0.000000000000000	0.0	0	0.0006222775357809583	0.0001	0.0	56
3215	0.000000000000000	0.000000000000000	0.0	0	0.0006220839813374805	0.0001	0.0	56
3216	0.000000000000000	0.000000000000000	0.0	0	0.0006218905472636816	0.0001	0.0	56
3217	0.000000000000000	0.000000000000000	0.0	0	0.0006216972334473111	0.0001	0.0	56
3218	0.000000000000000	0.000000000000000	0.0	0	0.0006215040397762585	0.0001	0.0	56
3219	0.000000000000000	0.000000000000000	0.0	0	0.0006213109661385523	0.0001	0.0	56
3220	0.000000000000000	0.000000000000000	0.0	0	0.0006211180124223603	0.0001	0.0	56
3221	0.000000000000000	0.000000000000000	0.0	0	0.0006209251785159888	0.0001	0.0	56
3222	0.000000000000000	0.000000000000000	0.0	0	0.0006207324643078833	0.0001	0.0	56
3223	0.000000000000000	0.000000000000000	0.0	0	0.0006205398696866273	0.0001	0.0	56
3224	0.000000000000000	0.000000000000000	0.0	0	0.0006203473945409429	0.0001	0.0	56
3225	0.000000000000000	0.000000000000000	0.0	0	0.00062015503875969	0.0001	0.0	56
3226	0.000000000000000	0.000000000000000	0.0	0	0.0006199628022318661	0.0001	0.0	56
3227	0.000000000000000	0.000000000000000	0.0	0	0.0006197706848466068	0.0001	0.0	56
3228	0.000000000000000	0.000000000000000	0.0	0	0.0006195786864931846	0.0001	0.0	56
3229	0.000000000000000	0.000000000000000	0.0	0	0.0006193868070610096	0.0001	0.0	56
3230	0.000000000000000	0.000000000000000	0.0	0	0.0006191950464396285	0.0001	0.0	56
3231	0.000000000000000	0.000000000000000	0.0	0	0.0006190034045187249	0.0001	0.0	56
3232	0.000000000000000	0.000000000000000	0.0	0	0.0006188118811881188	0.0001	0.0	56
3233	0.000000000000000	0.000000000000000	0.0	0	0.0006186204763377668	0.0001	0.0	56
3234	0.000000000000000	0.000000000000000	0.0	0	0.0006184291898577613	0.0001	0.0	56
3235	0.000000000000000	0.000000000000000	0.0	0	0.0006182380216383308	0.0001	0.0	56
3236	0.000000000000000	0.000000000000000	0.0	0	0.0006180469715698393	0.0001	0.0	56
3237	0.000000000000000	0.000000000000000	0.0	0	0.0006178560395427865	0.0001	0.0	56
3238	0.000000000000000	0.000000000000000	0.0	0	0.0006176652254478073	0.0001	0.0	56
3239	0.000000000000000	0.000000000000000	0.0	0	0.0006174745291756715	0.0001	0.0	56
3240	0.000000000000000	0.000000000000000	0.0	0	0.0006172839506172839	0.0001	0.0	56
3241	0.000000000000000	0.000000000000000	0.0	0	0.000617093489663684	0.0001	0.0	56
3242	0.000000000000000	0.000000000000000	0.0	0	0.0006169031462060457	0.0001	0.0	56
3243	0.000000000000000	0.000000000000000	0.0	0	0.0006167129201356768	0.0001	0.0	56
3244	0.000000000000000	0.000000000000000	0.0	0	0.0006165228113440197	0.0001	0.0	56
3245	0.000000000000000	0.000000000000000	0.0	0	0.0006163328197226503	0.0001	0.0	56
3246	0.000000000000000	0.000000000000000	0.0	0	0.0006161429451632779	0.0001	0.0	56
3247	0.000000000000000	0.000000000000000	0.0	0	0.0006159531875577456	0.0001	0.0	56
3248	0.000000000000000	0.000000000000000	0.0	0	0.0006157635467980296	0.0001	0.0	56
3249	0.000000000000000	0.000000000000000	0.0	0	0.0006155740227762388	0.0001	0.0	56
3250	0.000000000000000	0.000000000000000	0.0	0	0.0006153846153846154	0.0001	0.0	56
3251	0.000000000000000	0.000000000000000	0.0	0	0.0006151953245155337	0.0001	0.0	56
3252	0.000000000000000	0.000000000000000	0.0	0	0.0006150061500615006	0.0001	0.0	56
3253	0.000000000000000	0.000000000000000	0.0	0	0.0006148170919151552	0.0001	0.0	56
3254	0.000000000000000	0.000000000000000	0.0	0	0.0006146281499692685	0.0001	0.0	56
3255	0.000000000000000	0.000000000000000	0.0	0	0.0006144393241167435	0.0001	0.0	56
3256	0.000000000000000	0.000000000000000	0.0	0	0.0006142506142506142	0.0001	0.0	56
3257	0.000000000000000	0.000000000000000	0.0	0	0.0006140620202640467	0.0001	0.0	56
3258	0.000000000000000	0.000000000000000	0.0	0	0.0006138735420503376	0.0001	0.0	56
